8314031
9781620
7304573
3925084
8600443
10816986
4918960
12322806
1754863
13990569
9473394
3167275
4206069
3742971
11629741
3689269
11699785
2655376
13005259
654617
11276050
6806623
6086366
2919864
14283551
3515728
11487966
5414316
748947
8072259
7045833
11922178
4362377
6875268
13985380
13487307
11251438
10236773
3538378
3430360
5445330
7180261
5805447
10444740
533296
6748242
157103
6638822
6658678
9680516
6275530
9426465
7353872
7464799
9381868
10646878
5540849
12906112
5927946
11580692
7547540
10941769
11774968
11310222
14411100
4706448
13224635
7961477
8407458
9042917
530877
13991454
6950395
832434
12732341
5992707
14175484
6400446
6270512
11733507
1439738
6066549
3439459
3734814
159093
3716266
11691747
5933171
4655024
12874816
3584952
10164535
4081829
7266259
9315721
3698733
7056065
8855134
6437572
6984020
12025941
313285
8896441
419183
9683352
13370531
9243979
1492190
4735646
3437164
6068673
2982947
5754123
7469794
9446222
11438774
10936715
9433233
9790621
6620503
8421133
1012446
2089353
6946852
9053888
7999999
929366
8206049
12143427
2656279
2633014
1058652
938184
2137483
7039064
1749145
2184570
13102209
10850607
827526
1318276
1420234
12788171
1212012
6540425
7288245
13430217
1096921
4856155
9038975
12430942
3833719
10756058
5146549
6153342
13425844
12444335
2918647
9856709
12161854
12691017
6382081
533412
5563115
10645184
2809217
4902267
13707003
6791166
12081110
10429754
9308963
2541159
13913468
7967025
11665744
4368113
2616048
13880274
14224634
4830581
1060161
2577962
8165334
9014513
5143860
8024423
7657537
13223475
10552755
1683007
12972267
13023089
2308315
9025945
8802451
13863810
7790838
12213044
4332658
10254064
7457742
7545581
12066030
8746486
12067007
1076405
3085412
11755220
6753713
4083575
9888800
12912576
6152315
211489
2994861
930527
11357408
11494241
2130036
7281817
2621888
2797536
4650645
13438083
6778946
3681290
13399844
9745794
3187647
8426542
3788500
8014914
2959185
7700775
703414
5045060
3964938
9318888
4820446
8766688
7905601
12913636
4510259
1688354
5718871
2754589
6196090
14246726
7972223
7839971
2222778
9134971
10387475
4194864
549014
13933426
11227052
4959828
11402744
12858136
11435384
2639096
9231180
8134202
5907947
3310493
9371737
4297186
10403312
4707391
3545750
9262753
13394035
246353
400077
12472550
12277731
1604468
143804
2905259
7697885
2334618
3604129
825587
296362
14254251
5414031
4930077
70530
581110
12808152
7024359
1335279
9164020
5308019
10566143
2233635
11010027
7871069
534135
7829019
11424924
4366957
12126014
2211801
10907470
3940088
3482915
1950943
11042690
5902697
12195487
1835688
8030908
12991769
3795458
13879218
6029342
1028743
7722498
3869208
2572909
11284570
13727161
1624260
5621438
14388162
3331669
11708289
12976245
8180806
2243247
4947868
7712625
6656011
1062810
1455092
8698520
11797916
780997
6804993
8767677
5268791
6625166
12639190
701129
6984836
9483011
13854695
11070518
7568623
772499
4667702
5386022
688267
6861948
1290330
141637
11164879
2895153
12443914
5192935
13082862
6109046
8995819
9723426
7413372
2096412
8549536
11912543
9457082
3947054
1137334
1077533
9300569
13919022
967956
4497450
12909975
7118313
1277941
6204623
4638017
7883807
3357771
8176026
11506473
12330088
5523171
1181899
4752998
11680645
2598450
4593926
9786506
9715149
5236437
7511617
11520844
6068267
5911628
14184328
8211571
11882680
4565332
12410009
12438320
260267
6591096
14179500
11486153
4951461
5935689
8115022
5508638
2953438
14115219
12866810
6263633
7239008
4215551
14049850
4984089
8832455
10208533
7024487
12107431
393802
13929154
6931581
13645538
5429511
10015330
12031360
9766513
13120956
3842563
4598085
8959364
8251976
13434209
12481205
5192108
11041702
12993287
7592928
13154584
3504498
1669939
777572
2410817
8436717
7139962
6201388
3723578
10888797
6628189
5852812
5908053
293390
11774421
1371973
3865501
7488626
12278509
10877183
10589515
7116802
1615054
6300450
8719973
13128245
13415207
2321985
6858926
7480767
7428386
10272522
13282020
11140856
12577602
351700
12583911
3504980
12332926
11640489
5292475
6624721
8615103
3681585
13929113
9184764
455907
13959312
12153370
1669168
13380317
8071425
8010613
41198
841878
7003151
6614768
11662303
9255568
12402441
7928055
5737836
8998243
10968337
11473951
10104147
7651546
12718710
5099703
4398705
13988480
11181246
8934766
6431924
10930233
11792074
7231191
13803628
2710427
4487504
12556376
14196061
11493700
10828464
11674608
12427161
5427664
6549848
3570743
6537257
3945031
12057332
12013872
674727
14078677
1662951
6343979
4764125
719510
3647744
11879241
9879968
10620334
5708821
13660097
4006218
1357229
4923905
890468
1945728
9974454
796492
8257133
11482812
5488680
10544337
740131
5620622
3832867
5033868
8216184
3834318
3410767
4017421
13227010
8266695
5192908
9964688
13864912
10638533
13023617
8533283
10694981
7809032
7255026
959962
12242217
5557784
3492338
2680646
11442029
5302084
8859287
13504590
1872978
12423328
7694220
12296521
8422567
12098412
8770061
6156676
11931332
13578939
6773724
11837897
6043035
8693246
12669269
12066070
9382107
12578657
11054254
7795580
13358696
14288501
8091423
11832355
11839620
14092524
12271799
11178855
6996852
10907246
635332
3317160
8206988
9137074
11260409
8420787
1809968
12109408
6583157
905609
5527889
4632256
13478209
7446103
13940655
10912409
13000650
12170853
2070218
13017369
7691843
6816299
2218502
13443008
3044023
2466679
3446555
7642573
11416094
6125104
12101465
13470677
7963179
13861790
11861548
1162323
13766824
13039866
9361419
9513986
11584117
9713511
5418646
2204543
9774722
8346497
11388748
13932263
2933630
5633399
7599738
4307839
6812036
7760773
4726504
11093749
12543908
5762970
1562276
9096744
13895382
2959143
13916906
11345994
12747688
1547162
9371818
584222
621707
6513223
12748730
5599391
4139629
2273120
8682483
876556
11014439
5282051
1653310
9445428
273618
9011188
13474416
5721072
13965696
12197171
883498
13404903
13342134
14149141
11081166
12091573
6522249
5941604
1094394
2041749
13962584
5342847
7086524
9654943
3186788
12003389
11303044
4771795
3535455
4045646
7595803
7612862
2608200
12780461
10734934
13326977
12848754
12227231
5224320
4906254
9155134
11004507
13350408
8575776
10971427
9696321
7127939
6603215
8369836
11664216
12591383
2159169
14315906
4667660
14265044
14145692
12361863
13083365
12350513
9085111
7497338
11495620
5694158
7590734
4260859
2527256
214166
6581626
13836581
4720905
9927686
2887635
11819074
11938706
12530697
2698293
12765020
11533851
12999486
249277
3326320
5651072
14084510
3748029
6140499
3953730
14141939
5422267
8713871
9165442
6818828
2981055
2535886
1532887
4822307
10303686
2185062
14148233
9299548
10108009
1795188
13367221
11106225
10426591
11571940
12895321
10877530
8991007
7016575
9397227
12321311
12285440
3533986
5194932
8059538
7779146
9761378
5251071
1693225
4122673
2573744
14438025
12014235
9242225
3451447
13076882
7058947
790252
14010709
6736134
7240670
1686921
6941337
4833497
773141
7408571
5832309
9425117
9773807
3363463
6899012
14335465
5909970
166075
10923651
297910
4472601
3208989
8092175
8890856
10030425
4224846
3073326
7011982
6402576
8862260
2016243
8419398
11762323
9818580
5011608
11654751
9645007
11517815
595438
8668178
9764095
3596566
3154603
7604708
1335034
6106505
5399093
9442819
10430438
5508945
11307771
8135982
6163760
2480415
1325638
7663271
5268812
11781801
10363520
3112071
10759565
6611068
1952489
11132448
1354655
11433468
12536994
3886353
11435592
7112871
8888424
9289038
12907040
13231419
4410129
2149267
6194274
2756994
8426269
5307910
10471556
5171570
11252918
4388105
12811356
8932011
7030488
4703416
7064083
9819323
3247496
8399652
10006788
10271808
5318265
5911789
1799453
11272231
8964028
7766297
10124569
9610004
11322311
512742
4000468
9134134
944968
6410899
9455173
11874
4058787
755629
8053414
9307643
786085
11166174
6318893
9174500
578313
7558929
9069790
4728451
3415454
9865611
11957836
324095
9613663
3313336
7421844
10470512
7224989
13629720
1895112
3564495
6038779
9831834
8586159
559051
11902443
2252053
12915834
7616336
12679339
11554067
13442595
13223611
925861
246732
12351777
5916111
2458452
5366267
1845755
11744647
13672014
14206886
10278696
13939200
4348849
3490953
3610275
13775598
5979856
4367809
12624847
7372966
4635660
11885671
2386280
6182517
14393426
7547236
5232042
7053928
9538144
5260746
3380006
6843347
1333468
12419637
5362194
1607924
10541781
2287767
11840460
4113256
9786995
5319053
7467023
10751764
7901719
6866424
8603448
4300556
6257073
14377337
8078764
6290217
6385367
1927629
1373249
767365
9925149
2735535
12560145
13667343
1291096
4836047
10675786
1345379
231504
10638351
8702720
10537032
6318580
4492412
8845571
4093578
8019937
3415033
1467079
534515
13143631
13419278
10682027
7491255
13271686
10890977
6500737
188073
11108910
6244980
14405511
3109874
9672066
161388
2042648
977446
8220469
1715251
2719379
7649970
9618428
9987762
7493467
10697313
6867715
2533604
5958376
6004620
5929219
2399614
4266753
13584601
2575124
1810871
3159556
9584026
3925797
12491118
7092085
3223174
11809695
4217843
9202050
5366034
6389839
9430706
10247596
12954585
4703091
4046656
6253510
11935841
7100228
5517361
1687005
10420731
9239043
11107711
14122575
6918681
8841807
6183625
9093284
10265903
6993168
2958650
1144012
13660868
9787647
11091956
470398
10902762
11156378
7821276
8418367
4179782
6815397
10700939
7070400
7762681
11067395
2560167
8699457
1700385
5592471
6526132
13196395
2904087
801440
4887937
11311346
2114841
3587844
10080896
8386173
10601183
11751085
7544125
4065272
10216681
13713415
14159586
8661174
3726979
1859882
11939873
10681564
7846052
7641515
11578399
218017
12121010
53382
3729123
8329594
6820415
8921501
622376
12346949
12336398
6110434
915557
10429664
11048623
4473549
2428373
1989879
8450436
4100906
5756549
8441087
3509414
12887224
11043679
87081
9796163
7046688
11561760
802426
5214016
7590410
3890454
6993628
4954707
5560753
11374538
5653029
15729
2287364
2785402
12212572
1980436
1478042
3759616
5906852
6527472
10791504
4010297
2104462
7185994
7754485
2013705
5024937
7966886
11314079
4076279
5985903
13995050
6084956
10786991
3473796
11139751
3422814
2195763
11576347
13412579
1906546
6136152
6048981
11035829
12442360
7913810
9163750
9041514
4604478
3758092
9230275
7452592
660939
11460584
7935490
10409387
5207677
9357053
4788513
2182557
5123747
10793837
9764622
2306414
646048
292955
4348136
3278003
8618327
1960442
9126927
309745
8433462
13728090
7650653
6993859
9968042
2078224
12800310
3028454
10242580
5756770
13000846
13643230
7925422
5305124
1935927
6958266
13268736
9457587
9134290
5179270
11770579
9560078
4399799
11653696
9866306
7419413
4844622
7568557
11868353
10798822
11117372
213756
2214763
6723192
3914293
11816833
8929227
12556631
14381775
3467635
4736766
6427767
10623597
9536846
9169563
3533281
409156
8187509
13143675
6456527
1357709
4395936
2398560
403782
9723619
2078751
9508515
1349101
4117965
5504477
5903540
7613516
12033743
14146937
10412173
12108975
42461
1922789
1655818
9397826
14263120
11382698
7915316
13370496
7154610
9725039
9104671
11020346
6964140
8590833
5094688
13891731
1467530
283845
10938421
6510525
7031390
11666175
12190351
10688797
9669838
5630321
14329614
7606466
13991789
2964499
4686703
2696829
5507219
5267369
11742746
8009782
9498128
5852581
6942681
11257900
13697229
6739990
8553861
2482302
7063308
769311
8088694
14170012
5981016
8802087
4754462
989693
4130060
7888934
1727132
1218297
8492159
8811783
4435649
8569755
4702663
7250536
3491508
7002913
11769769
12947018
1764
12626380
5233034
9450045
10636000
9311665
10523770
11453443
6990358
9585299
12063356
6181100
10311472
3606856
2537525
11684229
7087583
1131984
4404827
1208677
4371727
6844075
4706047
2937604
12790547
9442189
9798814
1702966
14277492
8487196
5384067
2329717
6080814
11031476
11904480
4294042
10933436
4453115
6600660
6618687
3307981
3723148
1472074
2834297
13003312
9108369
1350019
9222319
861270
8706260
3178952
2521781
11905913
4025922
6841977
4523622
9363297
1452309
567837
11116098
9737338
3161337
10693415
3529361
343941
10015368
13513117
95933
13220693
7105257
12079246
13945919
2068701
12476121
3236178
3421364
8487869
3666038
11103459
13157711
5836829
13852527
8255180
9634513
302829
984929
3716743
2751061
12130212
3853815
11108937
12100851
3921318
13971914
5323445
2108875
4912338
9922419
13402650
3701035
13886719
1227659
3340239
4100716
14171313
10840991
13726982
13340254
4056040
7893029
242434
6731872
2013873
11803856
4550681
10984010
9951654
6021710
2988350
5177376
7301561
8238437
11554968
4333299
5397945
7254563
6315589
4379523
11784086
7407980
5910113
1569598
1016784
11530355
10032512
6570796
5601368
65772
3752777
9863828
12557543
11484441
6196515
4045881
12947222
6028861
10227568
6449014
8527405
3918799
460486
8625909
10453227
4651944
2151380
2182048
4898458
7064392
8109320
4863107
2406809
11039798
12761058
13473232
4141531
10794600
966146
13572837
9338272
3622662
4887028
2434866
6317722
9274557
6585735
2584273
9753707
12205069
1962620
8975761
3030053
2817110
5507466
12668842
10562927
4229146
2804493
1542107
8633482
4450948
454891
2260616
4635465
12822360
10123862
7077523
1700790
11870157
11774268
655788
11846915
11852943
2346051
13937126
10196281
2674190
1050071
9058404
7821662
3193859
12296152
1807714
3716912
11066274
14084887
4132479
1816526
6337836
3078643
1817973
13219913
13284394
12303458
11003102
11148394
12648165
3128529
7465984
5017576
12748074
11446700
13855445
7483042
11310764
3010237
10794159
8440083
4907503
12525407
4715156
9771869
10044439
12357429
4619773
6378134
4631946
10017318
302456
7893494
4568644
7520474
8255794
1036247
404806
1590736
903649
4268952
2607409
4241307
5998365
5808517
8456370
6239542
2211347
3839062
11625562
1515258
851591
9576568
3206169
134796
7704428
2123207
1649545
5845036
5980302
3516740
11650
499955
13973697
11508160
6080143
3326238
9347596
10257767
5351306
8797963
11726676
3323933
2866869
12043588
12937528
6346062
10444753
1496043
5635093
5138129
13156057
870943
4867732
5104135
2026286
2553795
12076871
11061388
5283242
4150558
544258
3567550
13221156
5368440
5526095
3921367
9482831
6580649
3534838
3738193
12024835
8678983
482917
187050
13983495
7399831
7638950
10280969
5186716
12617471
7517269
8047338
7823049
7629320
13456945
11225118
10539016
4694562
11204569
4439374
13856509
4745407
183860
11618698
9216263
8304271
8502557
3756920
4833198
4488429
3886210
6113410
8272675
9088223
6929467
791548
5371393
3380291
7442941
8141262
9454680
10512607
14097815
4786099
4742513
12764181
10942200
4677913
9793738
5385957
603982
12503961
1978823
9377003
11897353
4142770
5891017
10964579
9239853
6419860
14141819
11862625
12639853
10394044
7295287
13783832
5970467
3953858
3816479
11687980
2126649
5761907
3956839
11731797
3932036
6442700
5075343
11160521
156768
5434430
8579179
1970562
2327893
7997744
10367
11349708
7383842
12456044
3344278
11455463
3232026
9039873
7881617
7560377
12536211
7544828
1253872
7674592
178156
11485324
5932661
5032577
13826831
10002863
11277781
4363949
663533
9991454
11329638
5720869
2893999
8919087
5826343
2750033
155528
1691581
11500095
5819397
10401420
702248
5143362
6769732
8362401
2868030
2784026
6019458
11134380
2033822
3812686
9525486
8066975
10512346
13050801
5341160
2530329
7337425
8722313
11904649
13757144
1064976
10161859
2584969
5801202
13665594
9847491
14240203
11848937
1578602
10061624
13694864
13817738
13468532
6350707
11838746
6469874
7470883
11272201
8111941
6376679
9589180
9867045
10279727
3286975
2557495
5629207
1178777
1115685
1109012
11506800
7535112
13212893
8612787
13153221
13545054
3471536
8874105
11349500
6088305
14440175
13162117
13001592
2640322
6940204
11041583
3929638
10245165
13395269
4762746
2581881
13761207
7525713
3725955
4472149
14308323
2370505
5295590
11798212
6297941
13700494
3319939
13013596
4384578
1498826
3349131
47753
53528
5147351
13068461
2519147
14284244
800340
12859898
14369440
11627181
11416010
11784026
8047442
5148149
4432603
1545028
11573230
12530513
12705326
14120232
11485624
13976555
2779397
11984747
2888222
9659808
12381136
4575351
5196093
8738964
1784259
6118241
5660340
6226635
10837888
10006168
2466451
7407237
8631352
6641245
12893651
13672531
6998946
10846546
704383
10029937
12361309
2138260
1201727
10682333
10070569
11864385
7540752
3303458
6086951
2656473
9034
5519357
10337201
10607704
9504544
8881038
2244112
11885183
18805
8736806
5794319
12325683
11968354
261561
262665
8088182
12211365
2157729
3844358
9144524
921175
1182232
11008629
11405282
3323133
12356220
4072066
6040090
1216172
6092767
2710493
4069883
10901324
1744465
9017420
731614
3865703
13589431
6562692
628761
9317068
4265344
7099884
8304948
12070795
3069802
11248465
2117328
2531444
14043233
373439
9865134
462801
9848389
1251437
8410807
6758437
1297461
1229633
7207041
6193148
9749643
401215
13603368
7305728
2843863
13781275
10937286
9514933
7248335
1767761
3316627
9408002
10936261
9102643
11276172
12758692
11000382
4337957
7438223
13651189
1402246
10087012
947481
5955498
2488774
931795
6390941
12665312
12047484
2475896
9823189
7395351
9215674
14407152
12909831
13048301
2408889
1435028
12762206
10043996
5392712
6161557
464525
12726384
12860985
9882555
10271661
4973555
1099603
11675874
14058015
6291798
10777972
6522225
12514935
6816616
13180951
14271545
3388918
5057966
5579064
13921019
11468682
10676960
6824433
10661742
6071109
9535389
68497
11595323
10533243
9727595
12550977
5618953
11249523
9010008
5019151
8337370
1354260
7388378
9259299
12173582
11962478
2979931
12174772
14343826
3455672
12267702
6640613
3982873
9477938
11024247
1853897
6795412
4995730
8673595
11239959
6396004
4704735
6869614
336937
4073749
10907244
10696366
5699403
4129226
6449505
13578894
11175353
2564939
6538139
5526832
5497901
8543602
3612787
11842141
8550991
12075441
5549082
4126071
1233326
9261201
711444
4223062
4162686
11979732
764219
12219349
12681050
7377212
12250910
11814613
6157831
11450689
1563795
4588575
11275663
4243785
6985266
3626571
2270702
6800813
11036044
5342312
7760509
659898
8996545
3606237
6576622
1896122
2217193
4641836
9164555
2034649
13241245
8097796
6148063
10377097
3033346
504166
14433588
360054
4602153
3080797
2855113
7594688
9958344
4148678
1084067
9685432
7168434
8604370
14202543
11631606
4248091
8186487
3748339
7127777
8424795
2484650
12984402
10683285
11601429
8332598
6573584
11572108
2709665
4080065
6934113
10170540
11562395
13526007
8868613
13735054
593939
8901408
4908028
7139223
6343808
11795698
13435893
8930688
1020429
2905714
12701417
14049106
6850949
3598085
12346464
2156552
4201423
13053327
13209262
44954
10507491
4287138
12103078
12321670
6442436
7248049
8510226
9602923
5364977
7833968
6992402
7667199
2961696
12119122
12076436
13898776
13921345
11619557
7947006
6039740
8323952
188809
7178416
7777793
4494083
8238145
275293
3864936
8383666
11670348
9930911
11094167
12752227
4198223
5219466
2415063
5516783
6831152
1928485
13942327
10471131
10908615
7005686
14397848
9566811
10320260
6321100
10444535
9863887
4600269
12131394
8228259
9242063
2498609
7990125
10893969
9486415
4144819
6590698
5684735
1866538
7943996
6901681
3296558
229075
1582847
5936200
12849901
6566436
6812138
7519758
2768474
8314502
11103939
1095409
6496070
9227101
13299288
9809854
12422799
10981500
4668035
886855
5329321
3700247
8149560
2855357
6323687
305393
10688743
7205737
6431827
11875694
8591012
6677976
8547996
13431548
10749031
2928640
14421530
1554941
2438761
1007364
6453168
3722899
2026750
11349478
11715726
13716299
13255072
3493892
12312577
4059985
11561892
10117168
12048863
4348760
14440899
179234
10903820
6978644
5451755
12879372
7696871
13083554
10320030
9472975
2073280
5186666
260287
507464
862348
9323059
5307656
13518896
7752925
10750058
3201878
10689576
10537383
9601248
11441448
815779
3812501
14352265
14377930
8488975
10832614
5195954
9528746
2258305
6278728
10406474
1839585
9411917
14176886
4515444
3817824
14075040
12134247
9126930
3794719
9617143
8329800
10420524
4764019
6029755
1481150
11315580
6015890
9456676
4798921
3173194
7561021
3307546
1304471
13352592
2339094
3206571
4455996
2576906
479602
7520007
5988993
12360282
10984644
7887975
4059256
9320579
2374554
9445026
1250544
8407199
7958854
14302696
6711046
4685422
1298300
4913233
7448274
10864049
6883532
10387930
1291727
8546760
11167757
7522933
10588514
6204727
12423481
7625063
4206349
8602060
3320109
4564926
9616768
2655963
12847883
11195239
5841326
202732
10572883
10883690
12257257
6581010
7070509
10946080
7464327
8275892
14040525
1186687
3723426
108578
1107051
1300550
11063426
14186180
13279415
1507669
2732528
2560211
8907744
2578056
13999188
7862917
5261053
1050346
6193446
13430859
13436597
14090366
9110965
8746638
9312731
7548128
5740002
11137879
4964363
10887765
3382446
8537406
4517589
6674869
12999068
1118453
11134299
1292197
9951200
4908684
2295153
898747
8373495
13107599
1541956
12051481
11063353
2749819
7466108
4726947
11977233
12482139
1452735
8190529
5046031
7645171
10459141
10359320
172745
12950156
2631379
5867598
12254949
2743854
7707282
2114383
9997075
7486244
13759737
9047095
2100431
3896489
6331260
8746887
3264470
4532303
11509176
774640
4306095
835388
7337550
13851633
3657030
11719540
5779055
873741
5531706
4415979
13867229
5329320
10329388
6486107
13349405
262221
1664615
5097211
2344863
10489431
9888302
11829444
5859421
5333390
12736991
5542151
4638950
11456654
8580938
11063747
12073143
13899874
4365249
10622276
12186419
8835717
7036262
7482599
10534469
1731800
11748542
6636489
1842432
12712002
3077526
5666171
12504944
331291
12508448
11237426
2743736
6988786
4976468
14244509
12899069
1868117
7482187
489642
10866590
4124762
10691235
2807522
8381729
739067
12166510
7347933
11468274
1031543
1209777
4589171
9135638
12962418
11296133
2574857
3892242
815536
13779618
4733599
133529
2285386
9560021
5028054
6098339
11677318
2783619
11538231
4167322
6598667
10436053
6979645
8475457
8476834
713880
13368509
5655254
1568536
4044968
7237871
10400898
8567660
1263353
6253936
359403
658079
8426436
5938737
10984066
8213074
50626
10039986
26881
14321217
4911130
582921
1860541
4947616
12553570
11459798
1982580
1564958
3449059
12011394
9780229
8594684
12748283
13120058
10426811
9006647
5349784
1437920
12993643
8850054
11367601
14101117
2251239
5617762
10399070
5404481
11879809
10415943
1114105
4144749
11156073
7857566
10058644
2832570
13593484
11267685
2049693
13852631
7912963
4021231
376850
11450037
4690298
3022591
9132971
2411195
8492837
7912093
2706394
13519269
8081716
7967541
13037768
4430671
6366171
10937908
10118113
1219610
7002195
13502122
2500031
5504905
5208608
3325622
6977563
7640868
424274
3532193
1287567
8199708
6170090
7805031
13117023
5843635
11339353
8159776
4778803
2898190
3299532
13751130
3678851
8937895
9486813
650810
4400794
10110586
11698526
3523546
7003132
5387962
11667864
11691874
5582269
3994219
2335718
3864238
1414497
4461575
12005423
9434180
12295098
1625197
8595477
12021031
728461
2793353
5087469
11890423
10376889
4522138
7982273
190420
10169788
4841354
5883
754436
3908505
1086685
12440181
1347661
2048832
6476059
9772862
12836552
14024014
945494
6911421
858723
7041011
10688841
12509771
6200705
6810659
10689331
3180389
3446150
14225964
12067496
13838189
6841099
13762928
8936309
255732
3364093
10035340
10396746
3992081
11477295
12603459
6038471
10577746
418411
6138335
2200646
4693640
2656790
6155139
4393137
11429554
13141852
5803307
9478506
12639290
2479549
10948179
11356897
2404994
7294372
14239357
4836467
976380
13345670
12290525
6951134
13578667
14391356
1773845
14244483
11488079
2911127
7371317
137435
5700221
7517064
3352140
8903211
7091829
9219065
5817047
11466587
1890616
8202815
8787700
4119091
6091740
5890300
13256635
4966516
7036208
8708075
9784187
3094152
1526848
3286300
2211422
5494135
6469712
4068800
13724088
1297998
9406758
6722967
3735224
8114974
12080256
11888739
13134898
12848512
3301946
11560386
12643315
6498682
8107511
7157631
1569221
12794961
5565925
7906907
91450
12699628
9811837
3886950
12013189
765052
10719729
13745073
7246173
432133
5266381
2158728
7757549
182738
8873991
8627950
1625168
10453798
5132922
2226847
7267109
1182436
8007114
4191598
9126918
14268538
1778253
12558814
6827245
10734820
11401800
5158384
13792215
925667
10125267
13657826
5011986
6103667
3054386
7572159
13382799
11428888
13889704
8260386
289026
5086518
5067183
14115692
1479461
11547392
2475036
9461499
12263942
13041454
10792539
11565863
9291378
9699547
6107542
12464298
3033663
7183692
12664336
942984
7797854
9468813
5515676
14202294
10219363
11421560
5197992
7757700
12492982
12067670
6756852
1953291
3511507
8675938
4854268
8931849
5833867
4624336
9147118
9391105
13993911
2475145
9793052
6201666
9348896
473496
12527309
13205282
60876
467463
6716814
7112233
1213401
6832967
13887870
4933880
6361341
12756543
2039517
10085512
8062456
7401851
1148701
7355130
13558388
14234263
8515804
1134927
2530446
14284086
6980749
838824
5738959
2895552
6231032
10111884
11224024
14350128
4552199
3236217
6057716
263056
354581
13709877
4815544
7109784
2942159
13333242
7257596
7436795
8736489
14274168
13048547
13897099
4445271
1383320
2259149
13445572
2213870
6704008
86467
836814
7986902
11611988
9647965
11807370
9616693
9742689
11851900
6592791
11090561
7907162
10454489
10313026
12205195
13871369
10597291
9318902
7391689
4237662
4246881
3268740
8671155
11029453
13829240
5524054
8272125
2714855
6409198
1099673
3917266
2128742
2991483
1347489
9785107
12643241
11769699
5303541
765047
810840
716403
11542601
863780
9950942
9695988
9698459
13244216
10857441
5387218
7885325
9732573
1222169
9062294
13761973
12636908
8065131
11197204
9877416
10831294
13730120
8329662
9803575
13901306
8953644
13232684
12903235
9541313
7334792
2937559
8935813
9346660
14256211
8222801
3151494
13516937
4076577
8002134
3597004
819904
5400261
13473117
5488314
14427345
7626223
13447839
4123007
819301
2614380
10556148
5074868
12870314
6084106
8886560
7738835
11379225
828531
2010765
3813455
9325209
180499
12047510
4908938
6455003
2626085
14057383
5739861
468162
10717016
10240139
13923184
9825418
37162
13268869
2066344
11938390
14043016
9156343
10591642
14343484
11103545
11507660
536394
4731302
10778279
13303117
2573594
135875
374023
12932768
10165842
2001118
1052985
3828826
5127946
12394121
12186060
5435689
13226048
13679786
770391
10452027
7256952
7314127
9185068
1014098
2922456
10476328
4530807
7662235
11108609
8931082
11567611
2608688
13657944
7804518
2956828
6697800
9286990
12016936
8335347
3080918
11700351
8662878
11937251
9136399
11834495
11380810
5068739
2458594
9652587
12528410
14395725
2987878
5365274
656679
4449860
5158846
7019022
10725596
2626974
4636229
7692672
7270352
7930745
2822916
1518508
3922037
12188610
12756127
745910
10246415
13166276
8406370
6571577
2413346
165405
9869029
7333791
7733143
11948162
5776568
13567799
9418884
8196616
6258023
10016725
3617644
12957639
179927
12027131
12165835
6451663
3418390
10052570
8060070
7284683
2122594
4976883
12691222
6187067
12362121
3043538
2832231
11605480
6920128
7855214
8762628
9507034
5193262
3789046
11930811
2104685
9031404
7363837
7140755
10037045
8948210
53420
2034697
8815528
9730275
13835966
5213531
210066
5635416
5967846
3658298
13800914
13106747
12625829
7867295
12649929
10274885
13332880
10457171
5603393
7474269
13824784
10779519
4802794
6440217
9033755
6056936
9554518
12925105
6761298
4464065
4658760
97509
9103900
2130922
5171779
9010068
9875885
11638559
1070135
13287009
418108
12780660
8867711
13113158
4231710
6438603
4415048
2670637
10177136
10592063
1300015
528509
13875978
12813514
10979924
10564510
13893869
12188209
11113427
4005761
2448898
8691248
12571540
14399755
10126708
1750546
13505116
10671303
1374435
1625446
3461616
9654331
9422294
429399
12256882
171661
2761561
12872918
5775881
9209798
2665529
12752117
8385029
14422773
3982369
3704653
5093122
4498694
8251062
9422577
8546184
11146118
7304702
12431111
5528727
6402490
11209385
14369018
7235563
413498
3595017
3254394
1827508
8866606
13039178
776633
9297654
13778328
6661396
7492396
3517116
10901861
10728893
11119040
7110538
8327191
12170549
6700052
12999315
5314680
4819643
5726476
5965547
8855644
7235436
12829330
12623047
2053543
5273953
8737066
9502695
8149538
5164950
5731845
4393530
9169188
7461666
8592594
7149908
561773
7397489
13306815
2012580
845633
13762570
5444581
5403180
5337480
5058535
10430734
3104576
11898965
4870715
8166041
10941734
6330629
6560162
1030729
9478847
9557440
5982688
4397194
8422489
5144290
4659915
14137809
9958191
6448215
1156837
10471219
14313196
6706270
1578235
2670685
3070039
9698194
12819986
8761393
12120274
5025784
5417638
10524866
8599894
993915
5605413
12220899
6945558
6523389
217190
6535347
11308226
116104
3146933
5218893
7688868
6747620
8882729
837750
13452784
2138589
5579149
5356971
4702373
11252844
817850
12565380
7873869
5065419
1476451
13175960
12287418
9042428
3277028
241575
619812
13392452
3335081
1924151
4580604
1002891
9663820
6280712
13246813
4603253
1391899
10260237
11189215
12810816
4919632
10738581
9423666
7766583
4222791
1086224
4266540
3571377
7630682
12725682
4774156
6153746
3455345
1587989
8639466
5553875
13439957
9510480
6508472
2791560
10738111
3074921
10089013
12411862
6345373
12625148
12004251
5982539
12194567
4618151
13565938
1453018
10853447
13642592
8078015
5254442
7594615
10126410
7999582
8616679
7068409
6449431
6523723
7752735
209476
4319082
3364105
7184755
3166344
1549993
4625839
3453589
736622
4891541
3108189
10284968
11715451
12566160
7857769
3654273
9717756
11670664
11795045
1121487
1672486
8532121
3467997
10336465
10834841
12326422
10807508
1371750
12865619
8210329
3826766
65601
5747407
12016190
9691782
1674080
10568618
2460214
12300612
703631
3023855
3146699
14166187
6663960
2963698
6860870
11696175
9809125
6144667
3912204
7730272
4755341
879814
8450547
2618115
8561991
13696546
1846417
9385362
1496852
9092488
3434933
8274341
3323251
13008507
12517664
14424319
10012196
6726978
9637326
5517787
9548650
4023772
3516355
12269299
3134641
4063950
6699482
3168850
14205141
7245689
12665973
350065
9735796
9913132
4754250
2538069
10620894
13168813
9223513
11564383
9458447
9285970
2421727
6163398
2790162
12838783
3638610
23677
6104121
5725524
6184492
972600
1307988
6005877
5085043
9585088
10594140
1641119
13002573
13550168
7795188
13180831
13285924
6512349
2097346
5151410
1364231
2790086
12687158
13417846
11792124
13773216
13105677
13450274
4059129
4062857
6302692
7248748
13557212
284489
14408245
55227
13191841
4564634
11846181
2082871
14182403
6270220
1331746
2635521
7761655
478124
10566759
10908481
737381
11286830
12189393
9748668
9855402
10431680
8025839
424557
8207980
13569296
5017981
14024550
5254832
11160123
11978033
1127423
3272862
4624125
839916
5816259
4718318
14059864
1343813
4165561
4888955
3719780
4142083
7523915
824546
11663822
821976
8006899
14441220
4918360
5750103
4784397
6853185
9388115
3570039
12062368
4319036
5540840
11538105
6831991
5499263
6174194
3371658
4867568
8050845
7382148
851846
12752332
11507148
12244785
13631234
2811516
2634631
11550489
13677898
4127070
8521725
3530579
12713045
7361271
12486573
11285061
2199647
11346081
10433110
9280731
13827497
13485633
3119391
3141690
3562858
9974768
1358632
4607166
12547592
3617002
5368486
3232409
7974795
12389094
13870910
11974572
9998621
11975100
3867875
8737877
7337110
3378443
2435593
13529916
8237339
4648424
2570137
4561966
3489541
7771521
9759230
801388
1864270
9850388
1930809
7017436
7436283
13769179
6308257
9290950
395230
2614411
6445152
9456852
6797876
11731243
2533005
115686
3873866
1323237
5043368
1108587
7257114
14030240
5180816
4727426
13624301
10511565
11571249
10391979
4914067
10113895
4507169
11006728
5864092
1295411
11352757
3384509
353102
9085525
11733236
8910039
1457212
9955361
1844973
9938557
12710179
4447568
5710883
2565707
13628970
8953818
3156236
5605358
5036020
12641827
1765784
2837189
5077630
8999716
5652502
9492420
13066059
2303711
12085654
2603974
9894596
8414327
4959704
12961278
12438264
10569003
2466489
2015271
2222232
11464685
7333349
3519759
6263699
4673549
12975933
3058086
11703025
232889
1812837
7007592
4119441
1320303
2991225
7429981
5380729
632262
14210850
12411183
441428
2339891
4287950
2364634
10606846
13389840
11705602
7578531
7967169
6800124
10374578
5802814
5172817
13767688
2163421
2942793
4106864
7710809
4903361
1210142
12140688
12372741
4102852
10900158
7433829
13393681
3012761
13483019
4920368
2615429
414834
2962620
4161123
1183530
2667650
6346636
10033066
9788048
6480414
2860321
2287009
7957286
21139
6616258
13652337
10673069
2150554
2815448
8639484
6319471
7305647
4227959
12042076
7745304
12067990
1365613
7617341
7744141
5629831
11612732
3883794
13187941
14414807
13585101
64169
5715081
6056330
11258736
12480036
1018012
4032638
4697164
7883440
8035190
13372242
2920855
14266397
14305797
4839615
2570695
7281
636762
6732431
7699628
2989922
4317691
9528904
7433252
7835452
5931354
8617736
9749568
6560247
5980481
12757848
3422391
11550154
4134262
3999532
11631437
6800186
10970437
10039181
2429305
2663190
8513997
4642054
279583
8571121
7086063
8265755
6942919
6389191
1029927
14060596
7569764
8465220
13359885
14181435
8034511
3799845
2606836
10176941
11341786
9132425
12177324
2840623
441102
3464331
13494147
1055149
469003
9122497
10995383
4701174
9519687
6785416
13451937
12705692
7235980
9080836
1005361
9055267
10030807
5102217
5171671
12361409
13699415
3341325
6277968
12626403
10532541
10122895
13172133
9946913
1509945
10930722
6732160
13686922
7791446
6010508
2629542
2518682
14269698
2407347
5729204
8104456
11909078
3007464
5137085
14164452
3538701
8690982
2608370
1728237
5449290
8115900
2673531
454066
10230771
8846476
8128108
14185232
1029505
3331228
1027020
3305933
10406281
4741739
3749538
3338117
8732872
9808895
490537
9594181
6151280
10988266
6007874
2823966
1368548
5842025
8265943
14390450
6320702
11428967
320233
10969810
11275158
12657390
1558356
9067400
9906076
253574
3397729
8194022
12612693
36818
5595950
3758402
10517489
6167512
6480945
5637211
13850782
242063
5400836
478922
7119510
4105955
13534015
2710552
1944181
2499035
4942930
12877879
12059477
5273522
2762735
10897621
2998794
6570730
13800984
3707530
2088423
13017473
320530
6821534
12822007
7797098
9125226
9473135
10232088
315237
4035135
785554
8090483
1084606
6133012
3201554
1352772
2362146
1671147
11692915
8124834
6291159
1164253
1370098
13644118
9997204
14221967
8130132
12366629
9917022
93582
8206790
7293118
526579
7884394
3519173
12973071
11353134
11490007
10208975
13598682
9400072
8686424
2763695
3856422
3797099
1803013
1854604
5559231
11397598
11292943
4840201
13698996
3445177
5352941
2865630
14357901
7836302
8201428
7842868
6252524
2103228
6051417
13064408
5370063
4127722
10409163
3314553
6723906
12458026
5519196
7090523
1862498
12251767
2292590
13461465
13998840
12275171
12166329
14096329
10849528
1499004
4584252
4831686
14300880
11335229
8293870
10365587
8872014
2852455
11522048
7992778
10992468
1289440
10200322
111288
6818315
11997192
12261880
1009758
11094280
1074296
14425891
4191204
7307578
2623060
7080900
7428041
5250864
11115862
11694459
12852487
8519946
9175764
13074449
10952118
2433943
6594160
9414404
4270429
9021963
12115211
14171881
579597
8551689
296165
419910
5247422
1987498
10470886
2097404
3695582
13151959
9510408
4162766
5128969
1709262
521267
11034805
9968411
9025867
11810743
14095139
13612192
10634957
2192897
9765508
5552306
13134251
4909589
9345763
7633505
10758118
4123380
10535722
13530464
639018
6056175
10300690
8368992
11110115
8883451
957303
10506676
9856513
8737177
8709935
14369881
3543070
14087879
10119117
12228761
9844698
4668927
9618535
6225236
13455485
5384469
3747016
4833751
3510665
2945802
11247430
9596099
11697240
8237294
5837731
2372548
713477
9073811
12196929
3942482
8363485
14066659
8502220
13017112
4789875
12252386
13964858
6694909
7538722
6329377
571625
12553558
6274178
8345335
12201930
13101783
9368872
5981933
10093930
6113843
5894701
3585004
1679764
12086
8946051
5963492
1081415
6145984
5607540
10718907
12370806
469843
6384165
10135334
8096644
12546023
13240820
7981744
10873375
8318
4668959
4175839
1345273
14014946
3522109
3550049
12292978
9252825
12097765
8692597
13737594
1572925
3637233
12186077
13176437
8801985
14307546
12272738
7824754
6590363
8272178
6774364
6063764
2860474
5993578
6608625
6598281
7950578
2416783
9066541
3768746
9726502
556338
337456
7396132
2808041
10974003
8286203
3172393
7803263
968092
9399919
8128797
8195545
13200964
13760160
9392986
5840187
308065
1963075
6434106
2205359
12733607
11584953
3944982
2737723
13796972
548516
9851962
1833966
3800124
222822
2812166
2070958
226255
9211622
7066770
11120295
11183716
6216278
10446099
5933079
6224756
3869356
1910214
12190507
1080568
2598869
4183134
7013350
10294333
8783634
546511
2973672
5271254
8154544
4519956
14027138
12191135
2685946
1933528
3206620
1431928
13416339
278113
8987267
8566578
14148718
8879608
5309327
3945491
13516706
12834537
13798050
5470676
4637276
2825462
3576912
7467638
10334773
488288
3240669
10437173
9126215
13621323
7763420
5833166
6922549
9049719
904065
2467115
6928138
12393610
8793553
7348356
12386437
14016454
4657597
789542
8799701
10022707
1931171
7954991
1826306
4388305
12442687
4250923
8737881
7987915
12537006
14231783
11245910
4443310
292562
5483645
9139076
10562519
1384582
11019919
13193332
3249033
11535678
9588823
6922341
8570538
2335703
6731601
9983929
7578461
9608214
8895353
10420673
7342330
2837185
1593272
3241466
6166593
4015715
5137324
8714248
595130
10550897
12077867
10314317
7127680
7186022
3424517
652678
10447333
12980635
10010860
5832631
8513672
6216891
2013397
3836934
4257675
3090887
8730121
6811664
10882218
13606387
1653103
5519190
4740551
5104041
5851060
2044975
8942072
163899
10812254
13766621
8835968
6622667
8176223
247302
13393964
11627360
11267769
963059
7656684
14272593
7817841
7070237
12122743
10277502
1283748
6101314
12292819
13123708
25324
2008927
5546467
12525150
10942560
8017433
2576862
3806649
563018
1549635
2461910
2580574
7751351
265932
2176810
13186013
8105824
14297750
7057323
6031846
3963190
1262603
9539001
7475410
12714834
6265932
12416748
2906182
8954740
13339594
6928260
3733770
7240688
1605701
2298668
6550126
3066777
2816900
10729960
10901974
12214109
9406539
13592250
12297961
14136154
7682839
14404091
10088882
10649160
14012084
3632042
1067804
5672780
8274613
13061131
13292023
9277782
9098066
9915176
10249218
4928130
13063208
650684
55290
11290006
67941
13217752
12537362
806747
4085219
4902241
5790199
9975542
9490527
6150405
12861406
11952981
14043739
9269971
6286633
4090165
10200891
8606353
9262525
13635948
9275110
9436134
9277060
1712140
7926305
13321913
378841
4301745
3823439
3652910
13105157
3581526
12394575
6916137
9968685
11603122
13197461
12453324
2560696
13413342
9348373
10031560
12675655
5676887
4359660
1788892
13575706
1283589
1388975
2838364
961563
3034162
4105764
4395781
8162216
8610721
13011956
958693
2122747
3087293
883765
288350
5568864
759856
13639672
9473851
7168266
6846234
13789138
5779329
4164022
6716709
10841422
8004233
7551576
381976
1772663
10097847
11010561
11384898
2743343
180322
12183877
3861313
6310466
2753139
8861094
2720747
4479241
4591233
6016466
2335286
9605078
10367802
1238100
5104485
3808541
6661916
7226172
10694816
410482
12499127
2140070
1428334
11519733
12184157
1024289
7440665
479521
2061080
4803725
5192794
2010852
689519
9118991
9570672
7891624
6846538
440483
12235915
14296086
11225574
13766765
12251339
3917908
2303957
8340426
240409
10855189
2636056
151920
5981348
3242350
8511156
9697374
4583904
14339929
5380065
4739412
12541306
3576245
6845710
219612
6248344
9153699
2768805
1138630
2723416
6847130
8488099
5600216
8558792
4576492
5405900
14202987
1546200
7593109
5597664
9024684
9962938
10454511
9530119
55124
11547401
4139869
3898379
10086714
9846297
13224619
3150947
8917553
5796918
4806194
1295955
813927
2297348
12759001
9953615
1753538
4822302
11580566
5419001
9846445
10935096
2946359
12831382
10595540
1256525
1726601
2944419
2867395
4442365
11205401
12724949
5041639
8476932
5556691
3663547
11354905
7723930
4438034
2848808
114527
13596465
13639487
11945189
12774919
10310830
14027919
13304
4630189
14222998
4754256
8176723
12551273
8519529
14050101
12706871
3806951
7058386
1867483
6548014
8017203
1954160
12026575
11830244
3229882
13876298
4581716
11957263
9079335
4323091
13263452
3808688
3132575
13493409
10640482
2275274
8795190
5900327
11917646
4818741
4127116
3064663
6897785
10830754
6433401
14400136
140960
636525
8448274
10706416
9602700
14263508
506310
9220358
10342050
5119254
13487230
6676318
8099286
8343788
1429486
5320225
714439
96402
11587376
6541969
11929071
9494784
5170191
14207428
9259410
9289733
748597
2495689
8850515
12426570
6439914
2119401
7387818
4450127
2752258
5141135
4244662
3371633
5879236
8951367
8351293
6084208
3058232
5900000
8259895
7905551
5813457
13637822
8648405
3372917
9598209
455828
7275615
8891772
10472086
5908479
1372979
3276619
9588976
3686040
4339514
10843027
6731019
3334719
12323787
7091161
6572941
11525384
13616036
669589
13820718
1483016
10381249
298703
5303767
7233468
8671512
1289235
10617503
11531705
1122832
7910066
11663784
6635548
10304041
3908142
9570163
3943799
9986241
13111791
6743092
4295415
2964920
8291940
11824233
1364928
7760862
5868709
13712462
12225864
9059434
127310
11147189
698477
10052803
1330324
1145845
2123986
13708690
7250472
11159300
6932715
6140065
4959687
7427261
