24583740
19004733
18735940
22165194
25489726
24671081
14545199
22939047
17639424
27814594
27718713
26237646
26317429
15945012
17694056
28058015
18668323
26446073
25601724
14805352
22090777
17152421
21995536
21286218
24311336
19320858
28147946
20163075
25649744
21187068
27852076
18327607
19633286
21075811
24896871
18890386
17004389
16816065
18373174
19065078
17056488
24450650
22462888
16763916
22221828
25888293
24964092
26108923
23945990
26848109
25944729
16332006
24859802
14462859
19458608
19677786
24807381
29136090
17711048
17283133
27697485
21296873
21231706
18048320
20128368
27258846
27631183
23178487
18452611
19807624
23642457
22683410
23745251
26277375
22621797
24549304
21271022
20995351
23465554
19905930
17578836
18131589
24606348
25988862
25829538
17741211
17754683
23377721
23663176
28916321
24187541
21261201
15107405
22582064
21970306
29215358
22864943
18548691
16791306
16011059
17232306
21513952
21136859
23085555
26194946
18703481
27308191
22812318
24090421
23944345
15570326
26201851
28359118
17882172
17670677
27955376
14797562
24420582
21180453
28853695
22153089
23298283
20513977
20718828
18216087
21224726
16018079
21686087
14895018
16381544
21596356
24287145
16812857
21872066
16762991
26174001
24043662
21900355
15913932
23511576
15286454
26311784
17338212
26738712
27284692
17972916
17987449
19401269
18116720
25684890
18043817
21885132
27405478
28792937
17325041
16586788
17255888
16771376
21295520
17054064
28854914
21915304
22766141
15551070
28809845
16674154
25912740
19274018
25171672
15908618
15765835
17161667
20268589
23401478
16569427
15417668
18301470
28242248
16319069
16579280
23353228
19181362
15288606
24889904
28792299
18238797
25440567
15240179
15679712
26530665
26826030
16692761
26424462
24745232
19923514
16697779
27173102
26729117
22656467
14959943
24992534
20355916
20023543
16936031
14846405
16278596
16335851
18096109
22062873
14708287
23211276
20108929
16660808
26765150
19679120
14889719
17883000
28121145
22967549
23411764
21125718
17474564
20814611
28457997
26497627
27743391
23555807
15534434
24362402
18226937
21947270
21559418
27531638
17267760
14940945
15601033
28588645
24803293
18081031
24764706
29017352
29073775
21275152
20614673
19087266
26758719
21795698
28309412
28606076
16063618
26356797
19079906
17256507
24360648
28742265
25299283
20565195
15709203
22174146
17644389
27362836
16583232
17856689
26350066
23847763
28156635
22510688
18516809
19939336
28207509
14913080
18566441
29131219
15403905
22674335
16112999
20002316
24409990
27162025
24537551
28451592
14532718
26515841
21387006
20837011
22494016
27511775
24170826
17021274
17181888
22575136
27036694
15058223
17605420
14815409
23573586
18397131
21453746
28481121
27913961
15037824
26360982
18606016
19604921
20624539
26999364
14498213
27760249
26704778
28719853
15762161
19619704
18624197
22462934
16933307
29051810
26079134
19112226
26888154
23629760
16020651
29148798
19847781
27926391
23657764
17922514
16906483
22661805
15954445
15175125
20130686
15676231
21853750
21429261
25693073
28385961
28681997
22596855
28962810
26974298
24032387
26155916
20179601
19440912
26197437
21143410
26942068
23080160
27022629
22811136
20358813
19143879
17330731
19590534
16313882
24930635
18726318
26844848
22973842
22880266
27935922
26666037
23682358
28038116
28485357
25355461
24394937
14885256
19971075
28184083
14876348
26058542
18815867
28317514
15420363
22697523
27800457
20776784
24218789
18568378
16606875
16709453
24508785
18789484
25150503
16085263
28751018
21043343
28440357
27759380
20434957
18655634
22009753
27026003
14757910
18770623
23388472
20762864
16261795
17900628
25142722
15712299
26389309
14554461
21743552
18703908
20368401
18664202
22023096
20411700
24720546
16677798
18337019
21624280
26377637
26869818
24508678
18185760
27139737
17443206
14886761
20309101
16007325
27100652
18290037
24618294
23353350
27246153
17562369
25392018
21130933
25609306
27639583
22189199
18850316
22375418
26296644
27100641
14536289
17704938
22165784
25025998
20107025
25293724
16509180
17544638
16863406
24529626
16554979
22524097
18395879
28308687
24901017
17277964
19285728
23432029
21611168
14716877
27320713
18675147
21774717
23666820
15759287
26565999
25495612
22904518
28634374
15496438
27493815
26352557
21948158
22087811
27769154
18739272
27373467
21307859
20651455
17085133
17486947
26409446
15986552
16173313
18240796
26222267
15672486
21262122
15099577
20828660
16751146
18843831
24232876
16769651
27089162
15214669
21802627
21446752
16049746
17149609
24200709
26916037
14577518
27077370
19374243
26518887
21702709
21371364
21809023
20532841
26130431
24571720
28976853
19965111
20058779
25939796
14615650
22899883
24793899
22136986
22639940
17995848
20236963
16776466
15364343
19992115
22086800
21063178
24156482
17732338
15748262
18602662
25449312
20686491
26758983
14771509
20870281
27446376
18321838
20619271
14926234
20776280
29190146
16542217
26270805
19154973
28303176
28446643
21553922
20165947
18649822
20537091
25125775
19868263
15151448
21523696
14926721
16574388
21669359
27460730
26173902
27879647
27416887
27618277
23019125
19678842
24008986
23888429
17125476
28108119
19485465
21027146
28163297
16058876
27992677
19591770
22879075
20748710
27667200
18632940
21660020
28694600
21718504
22956920
16010601
26676300
22394432
27892637
28567538
24202492
15113326
25301971
20351446
20156361
19786815
23298109
17433367
19534961
25801332
23722656
23028410
22435285
28122426
24520126
22281255
26278334
19087439
21277409
20545273
17280347
28256453
20968484
27402598
21653601
17994065
19872396
16280750
21778265
15170911
17244919
18337430
24755849
27226587
17059905
24283862
14657252
14494860
19842731
26572686
24563155
15474278
17907108
14691899
28474646
22140479
22551873
20424266
22690971
22717307
17259557
17202751
19400606
28038677
23335130
26581779
21138958
15021223
20331336
23697102
19263170
26238919
16204761
23651707
27015573
19766659
19582300
27066958
17942082
16468864
24596078
28554480
18625725
22659607
15924368
19020018
23258333
26261469
26063572
26169883
28078942
28322385
15443899
18707401
16267223
20201429
23808224
20666093
29106517
14885346
26503713
21751617
23712630
22223313
24707700
17203710
17585222
25601954
24732306
16863817
24437815
16100879
25122593
21276397
25196557
21487183
21834416
26760115
24190584
20821137
25199638
18635305
27369334
16128143
18072714
24504728
25272194
16839383
15365297
22462216
24749424
18295501
15690339
20546123
25443608
28433246
19552333
16840811
21058887
21472874
21285489
20554647
22111619
20004246
15508091
15992043
21076283
17729462
15187458
26641115
22564170
20582706
23945130
25059544
20752311
15141897
14798626
15208244
14829605
25424475
18262844
17984140
29054447
22961350
16502238
18036042
14796875
27968292
23423815
22920626
15064627
17243636
19323992
18178803
16682476
21062379
24480795
16786213
24626442
20167772
16712678
24530328
27530508
23847467
22446906
23120515
23145124
19506349
26553808
25779323
23693077
15301853
24769149
22467602
17780273
22310525
15096868
17141472
28761659
22582208
26959305
17180753
28888737
26545961
19348310
25267889
24374868
23465877
26364864
17187079
23063626
16035472
25793997
15495215
24886472
25666242
27578929
20172860
17266915
23617445
26361066
26270408
18386271
18737999
16777645
26051808
26128587
29075695
20567286
18220751
15366690
22574334
25318208
21587311
14525144
19650908
27496158
18604353
20510729
15822918
24559033
26681677
15042339
16268565
23736781
15662793
21383870
21227715
27527962
19473265
18543848
14464697
19666882
28316510
19232797
21004234
18191054
20006487
26511247
22510555
18484471
16163492
19418865
14976321
15968338
19247949
27227298
26418351
16444906
26313423
27359298
23408223
16103996
24480091
28938884
28783751
26196547
24118046
17358932
17745723
23701535
20390980
21275852
22199648
28438432
19726430
26834683
21803336
24447616
27702475
29033817
20237805
19752986
18980320
28646483
19678464
27262464
26029847
23371567
21544417
15653496
19000907
20130273
22187996
27336356
24592660
29078333
26663703
28869860
20091161
24682601
24048664
25644987
26757847
25547858
16720714
20129734
26318638
25599423
22494925
24848909
23397335
24840907
22728331
25230459
24203089
15535189
22657906
24752012
29000089
21423509
17496368
23773281
18817128
17810299
21314944
21979325
25597101
17417528
23299504
23903202
25048026
19938049
16212089
15641562
17281349
26825168
20740802
17189160
27000800
15990458
24295724
15437450
23313469
15279617
18701033
28295469
17360338
28486642
18547517
24903047
18525811
27227925
24874200
20481581
19069874
28162754
15466761
20128118
26327995
16598825
19082245
26662780
14876357
22651484
18123864
24388926
23097051
21333861
28028105
15353242
27429272
24115911
20132830
16369583
23818515
19620487
23118592
27378458
26103086
23818322
19403407
28806114
19453888
23128103
14446180
22107128
14869118
20398343
20231554
19721556
17481804
17393095
16551532
17552033
17222702
18041080
25058981
28851347
23108893
24478482
18422859
28184538
21827305
25907289
29094729
18887786
26495983
19603813
17213649
23951092
27281450
23491484
26114967
23147650
17829452
23221502
18586392
17456600
16758770
22943711
21027474
22002165
24793887
16100182
28136866
26154133
18507130
22297423
18385817
16208394
17871781
23171029
28408196
26377037
17683789
15117816
28771929
25560002
23286007
28233007
17828585
16775190
24413431
23632468
18896330
19123765
29047696
18180329
25848983
14552612
20108773
25929021
17618088
17725632
26800785
21289242
21017241
17959107
16914864
29213331
17067478
15992429
29068370
22092385
19618934
20804860
20294686
24063049
17820027
28443656
25400224
17842387
24514666
25230109
25899729
27947535
23042916
22727150
20131524
22570939
19494133
18304151
24752829
27343106
23265323
26032822
27990607
29169297
17297945
19260571
18761239
21516325
17375937
28221677
19051631
15372715
20482323
18639686
29106341
16517127
17220071
25918472
26990101
19541341
28287615
23693033
22806304
21363055
19415513
27581079
23564753
19216404
27217468
23784800
17587186
28715116
21088219
16572961
20539545
19405555
15734382
25417612
22105723
14566200
15913070
20735298
28792798
23433483
16684335
22549601
23235948
25081508
25509582
19544142
24762000
28237578
20165138
19464909
27639481
22486485
24559120
14487700
22618249
27656757
29068348
21482395
27047518
14501585
17230419
26250689
26636765
21637183
18946163
23398456
25899486
25506795
22152476
22859851
21046028
16325321
19049105
26562502
24870742
25813414
20047065
21427134
23969277
14653064
20255875
14747592
14728884
26086484
25225757
19385493
18357712
28311821
18218992
21201457
28480684
16702977
25193505
29207273
25088927
18981138
27027066
23917981
27396773
25232094
15333492
22291003
21677237
19641345
15523855
16063376
20624744
26468110
23693969
24537670
19628954
27287266
25818286
22353595
16285910
28996447
29038399
16295473
25693832
21145056
28140865
28548533
19495276
28160274
19051661
19435410
22059602
23393033
17348744
19564759
27624167
21144414
19297613
28454128
20132752
16340186
20674336
24062755
25414711
17096788
25955562
15912625
25472109
16402574
15535853
14827502
21905884
24235038
15932485
15489358
16229855
24020305
16527707
18411195
19858621
22237372
19154643
17475109
27590353
28731419
20959407
17541599
25526337
27463567
16143709
21687039
19691145
27172121
21003097
22401967
19810718
20987644
27758105
21649018
23232891
26033201
15616644
28629940
22385125
18507763
15291032
15275803
23359379
15954432
23299469
14768537
29131184
28371532
20789046
20821657
18250282
16791678
19807578
23107721
20944672
17957498
27106939
15335638
26129999
15957073
21097709
17513983
18507441
18917342
26129385
26840036
20090734
28150271
18198708
28316274
22929928
19445136
14922737
22912543
14686722
17735595
25959808
22794918
17225931
26255794
28780107
24676630
24185973
24606743
15921395
28782312
28089063
23608675
15354221
25654485
15697818
26178153
25902498
14963670
23234609
28304712
15116532
28399513
18724926
17947413
15430634
14701509
17009914
17800725
19740353
23941331
20662839
26667919
17877666
20349629
28719877
21757075
21646978
23971117
26944348
18935502
26946962
19086101
21099560
23786000
22547739
18459421
27759666
21874721
27134224
24345529
27933043
22868178
18184021
18153148
25455120
24729864
19094560
28784141
26868619
22148451
27752299
25541306
21091566
23031839
15782183
25714744
24775419
28973438
23320458
23887633
21534160
26698776
23763359
27390159
14966768
28781775
19410895
24884517
26449493
20962487
20762378
16740119
15542742
28286484
21282135
28870228
14669870
26991944
24860297
23586109
27084304
18011542
28591218
23194959
26319748
25915794
24158298
26640474
24228239
21244314
27032249
21031582
28961340
27050850
20574070
15753733
25430032
22842983
20221559
18144770
16985471
24115576
18570620
20170276
26882769
25164272
18659712
19237835
27369125
19401639
23807375
25027514
28237832
15948782
26143657
22005264
19597586
25325143
27034223
19543858
28058238
26652308
25052582
21126982
16565871
24544744
17066570
27378009
25469947
21665913
19254036
21129249
14825986
16396065
22614322
24699614
15075398
21777644
25955425
28334947
29014951
20090148
16935967
16901985
29157377
26449609
16781092
27084629
22733599
25881677
22864248
28547518
24830956
25200973
26430636
20479349
17739036
21292205
23371919
27777869
18595530
18448449
14682975
16853495
22459176
29218698
21111613
17183397
26153638
26486514
19235754
19839141
22986765
15001458
21019592
24216404
28565776
15040726
15284807
27055073
26351919
22379814
15142967
27614877
19827659
27104325
15531731
18265448
15427086
27765992
20551071
28624741
24437085
20864826
25642217
27353594
14681707
19573279
17449525
28772930
15563643
20295834
27132711
18394205
28248549
19247131
22819618
19227317
23100152
25430061
15526325
28369479
25399174
17951090
20872874
20579268
25776498
16522398
21237481
16694242
22687160
27968413
18864881
24531280
18354470
26070789
18000116
19623347
27133678
21605450
28286286
17411760
22120588
20578727
23030886
21995227
27515734
22340709
20940261
27798905
21320496
26827151
25128458
14977900
21204254
18358104
24804810
27154855
28013916
16959312
24871526
26554186
14936764
20506274
19588703
17649769
23007710
23409124
24366989
25470769
27624027
26802448
23493236
16433231
21042670
27904359
20996453
20387406
19331973
27829065
24055722
18346688
23480145
25965283
20021086
23952827
28906768
25972969
14958945
27742968
18757258
20919472
21697779
23957666
18429365
17438248
18786575
15933135
23015421
20763348
25571522
19114518
16223866
14818715
27900187
18658712
14612850
28612144
22981112
28825665
23128379
21391354
28426781
17743692
26283583
22443908
26060399
21787976
28172795
22908185
20388180
14617993
14836091
25756787
14728610
17514269
14539192
17247226
20292054
17309516
20736127
25596217
15043774
17895295
24094406
21037300
23164383
21439552
27687917
20746015
25845770
22337731
27334555
17071270
16476750
22799168
17112583
21299519
26014570
26423691
25131185
26026162
20608209
26354855
16949289
25408712
26857732
15286250
16584092
24175792
20030168
26010741
26501802
26403526
18165792
17954743
15359707
23240370
25241076
27544092
28346143
15394940
25031757
26915659
17818239
28247575
27046843
14948759
28437154
19116818
23088007
16257023
16674168
22634260
14476318
28416380
20433281
27126945
26279713
18104980
24303654
16753400
16369588
28411847
25196690
18210220
21575990
21343995
26675490
26551488
18009158
27079412
22077318
23443906
24140268
24159306
24236172
23179102
20346451
20769016
17414619
28031225
23863739
25029299
24840146
22328567
27994410
22300276
20839899
24581706
22329366
24329066
20035893
23743892
22010849
28226101
24848992
26384251
25498490
21219421
17699657
16317547
28066480
18965012
20510980
20999110
17048621
15259434
23301923
28212070
23678535
26689347
28016715
14586795
16476023
20722186
18428913
15253858
23396342
14478385
28673460
16014413
27452763
19167911
26909794
26400418
26763428
26692587
20738479
24509319
23234022
17348726
21414491
25775383
23013893
15873025
19184309
16130310
16588866
19074992
18807469
24326741
19061587
20659956
26696936
27875008
17122517
25530102
20760358
18275877
26692572
17193048
24194071
24781863
14717958
21488101
16981445
28143189
26424372
14737813
21515264
19896473
18443659
25652003
26587768
22598566
27152942
22121820
14607821
22056876
22589802
15896004
21364480
23175493
26654571
22565504
19616161
21175885
25679160
24368706
24093281
26601196
24699076
19950228
27509361
16432507
21113113
27596263
21023207
22719959
19597277
26956903
26400326
17727694
16645494
18797885
16661435
23856690
29208953
19289135
20316180
26389284
28365757
19649731
19486929
14739494
19650945
15812713
17652245
18006094
17958350
19560607
26575244
19210305
17148112
19674208
22703176
23702636
21741621
25044065
24963552
18867936
26747964
22302197
21329938
21644643
25372820
16279504
25989798
28338815
23671618
15271655
21255408
15008495
15124820
28875406
15652389
15510526
17872602
21866647
21686780
22201097
22040871
20293587
22471447
22538979
22257926
27559837
26594338
18982493
18149387
21520353
15945841
14785847
16903964
16221602
23428973
27533702
20798667
24398202
17206090
23282036
26161201
15002807
15858644
23141087
22850575
16917147
18817739
16585980
20115941
26972408
20239700
20299041
21815050
16970255
26599336
29011845
27891318
19402559
25081701
25113748
22603001
15086293
26384044
22178117
21774573
15521195
23154100
18055885
22884352
21071623
28604830
28655491
28439291
15844924
21547728
24196461
22434571
25128754
23352358
21413600
22661100
27277211
15365275
16846752
19291140
26621995
18597418
21746124
26041174
28445337
20713837
21991431
19739735
16966567
19480734
17800686
23710201
24612841
18072161
18300270
19008443
25743692
22273336
28639867
19737750
17697348
26213617
26454690
24514180
25840611
24835000
28007344
15551255
16895255
22832520
26835452
18011980
18813500
22832376
16748754
20367900
24496320
20931994
25097586
19828126
18674900
15641668
21564625
17251200
24618689
25428684
27082240
16282190
18621421
28303404
24450869
19890011
26991466
20420504
21359310
23739506
19793577
23550793
15709468
28254258
19761158
17104033
24289563
27286052
20617684
25459064
22503572
19281388
18249667
25429553
20889545
25261398
23445708
24810668
22571298
26306644
21457265
27013391
14776183
16593126
20506723
15828748
27772824
24753021
17714968
22684462
24206276
19079808
23782433
22097780
27393284
14673834
22038746
20775055
15361592
21620032
21032748
15627897
25419597
28896141
27352467
15297992
29033290
27403184
27830617
21813509
15130105
20820120
19400018
19597585
28197235
22104012
20530331
20779074
20791568
28244252
24629826
17964354
26086840
24682392
14738167
15039625
25078962
22698499
15425885
19854427
22229370
21109902
24954610
29146359
24136709
17153428
20437493
20334019
24598309
19849965
15498726
28289964
18636449
19220652
20537850
23139121
16660159
17093486
21974123
15591375
25784377
16161484
15707232
14758539
19922665
14752788
20000710
29042409
21536825
17517845
28614771
19986788
28596510
26950947
15175900
28178327
16791934
23148858
19699292
27145291
22011045
26426437
15196386
16629978
20391879
15163894
14510205
25840550
18964412
18623139
14754441
28352312
25900008
25989102
23381033
17470044
26366644
23714182
18958728
27526297
15131287
21503522
18413336
15662335
25678522
16467119
22344544
23923780
19362727
18067940
14445736
18368266
19556713
29205853
15702392
24057889
16695626
25533750
24511696
21969889
27861097
18877398
15410560
17294311
19403411
27289399
29026838
20672724
25449036
15047674
23472732
14967584
18748561
26711015
22472347
23439993
28429407
17936352
15038486
25455620
14603536
25913934
26924410
14599166
23918496
14841029
23042814
27557295
15475111
29028093
27863837
24417891
16319545
20347648
21858451
25430041
19833328
16800595
19716681
24170265
19020073
23195139
18233310
19078424
28186374
17033513
21512864
14971357
16387546
28375928
21900110
26229117
16200120
14520028
14600739
22450539
17913743
24119067
24639999
29175682
25903849
17956638
27281883
21302910
19588932
21337647
16619191
26605911
19965969
19867426
26571933
26996230
25632187
20897555
15872412
21364729
19736581
16519942
15914004
27342139
20659759
21291688
24154251
25838896
17361892
17482722
21147822
16488666
21048737
21544405
17273535
18643738
24205348
26672530
21146211
21218429
28879786
16315893
24115414
19801889
22137355
24771778
28888387
23285782
27501512
18756680
15473483
17312589
24035561
23917157
15159643
28662079
25393857
15115016
23886283
27821010
27198825
22812458
27151449
16252394
23787847
18440491
28617998
21898840
23099448
17151042
24348562
24849139
25722208
15975193
18986012
27310863
15220648
21669007
18702264
26683443
17614718
19532400
19952873
28428362
15196871
28928670
23260878
23279387
20938319
15360491
21979993
24738742
26466340
22551250
15583016
16354710
25599675
20754818
26346712
15046494
16276532
26460836
26169020
23811537
20420475
27586441
17666087
14760347
23408056
27357308
14947449
21603666
24820155
28041330
15523497
21684315
23478967
19456939
22094174
20367163
29008818
25861650
28189773
29133539
20643504
15759035
22131213
26403527
27138565
28812206
14708766
27676712
23373075
21089816
23440971
28666107
23339928
25006616
27796120
29040462
26467608
15525841
17878027
23022409
25057188
24687610
18683175
15284204
26815477
16606722
22052302
22061713
23551227
27282469
22750272
28672407
15513588
16184807
17130272
17797719
21861529
20563933
18413843
19516766
28061524
23425923
17763682
23375136
25134789
14744829
24811736
20391029
15753954
23534663
17241246
18611287
17024902
22047296
21668075
16071614
25542083
24199671
16358407
29031801
17001324
19477151
27343281
17552475
19849655
17991384
27678879
28705598
18556856
23291698
24347085
24583730
27290542
22701531
20600785
26099455
16851918
24197114
28587283
21816444
21693404
28047413
16098328
17446468
21541313
19277995
21159181
25328115
21519488
20924356
27991694
19738516
14491247
22611332
19945228
15867480
18231392
20804621
26304476
20506382
26199585
24543929
28912607
19003028
21337691
19112739
28319231
26030888
15438551
26099007
15550052
15062705
19073866
27598651
25515225
26283096
19072489
20036517
21868693
16497108
26013353
18247658
28653728
28623913
20694240
27905750
20446472
17954035
29030185
16460525
17938009
23250242
18874884
21258007
21376421
24819043
27560178
24272611
17540501
16288508
17903471
24844573
18886556
21721804
23016830
27463898
25058429
25848093
17319655
16218864
27190199
18165160
22810060
19006351
21253199
19074648
26834282
28408396
23121040
15889092
17377949
27734361
28734316
24072906
14525008
25275123
15123372
27360626
25901457
17851449
19739563
16522148
18748109
27111601
23107296
15270701
20488269
23485508
18430172
19952397
17030642
16764228
29026052
18778647
17437645
17597458
25562208
17308248
25032174
15830684
23570409
25085535
19565481
15221259
23150257
28106900
28567713
16692971
26105414
26439402
21529176
21791411
25530589
20088162
22968685
17054454
15413886
23912337
16416483
17594896
25820442
17274817
17722032
21563268
15833594
19739941
17845052
16802579
25574347
20262086
17812659
15731147
18419843
21956074
23077932
28736878
21533841
24153042
23241526
18245581
21263841
18095136
22828507
24942535
23886035
16572946
22487171
22797915
18783797
17539124
22798436
16500425
17840709
27062119
27315668
15270224
18784916
16022998
22104079
23796972
18682572
17865507
28797663
16309792
25614701
18835360
26551696
20356926
19973252
19301473
16062766
25900277
25119811
20128606
22047891
18131983
18683046
18009405
24846842
23413238
23677044
27916842
26505214
27718566
20863830
20572948
19698239
19413115
19903247
21759990
15102009
26044364
15013818
23284189
15088472
24572828
24580693
27456114
16116870
23907981
26690310
17967526
21820364
29090082
22032566
22542150
29124158
17596875
26014280
23859195
23766427
18764427
25961530
29068561
22154617
21684284
27824148
26341084
17841614
17681188
24086423
29150694
25053432
16014669
17877438
23356494
19500654
16033343
23095814
17109161
25265791
26789547
16130311
21316663
27774003
20635467
22314081
24387184
24553375
18917214
18560808
23340217
28143095
14822737
27047198
14486896
20182374
21192380
24654666
26200311
18504995
22766993
25746201
16930335
16481143
29069920
24329712
18209265
17372183
20949687
24419182
16320285
15148074
14767153
26678658
25994156
26560688
14701643
15349964
25588874
26910344
15936730
18681556
16785718
23105863
23414094
23794686
27868159
15632244
24193636
20963249
21431151
27312747
26510004
24429868
20481622
25701421
18574956
22432635
27457711
25143734
20747897
19043311
14697264
27335084
17162836
27329419
16869223
20204924
16435857
23995139
29095110
15151630
23610999
28226305
15806925
18426489
22662811
14633596
26029662
17729408
27663378
15757522
28658065
17959488
25772296
25322348
25577650
24924443
27363982
23269597
19298990
22934654
26934766
16979801
22947611
23764293
14787904
25299208
29026271
25096542
25174368
22051970
23832270
14513142
26193174
20324928
28379346
22880668
18383558
28810096
18147875
14746761
24144759
26455392
26623342
25988910
24842317
28056862
26037769
22812521
19734387
19002113
15153884
15243083
15064446
26682223
26597003
21178665
24906795
24481843
16145629
25278704
26939950
25050871
25237087
19584715
25041625
19428202
19221603
23359710
28569418
28128724
16184606
24471193
17232820
18788233
15595540
22841164
28255134
20459902
27328674
22352271
16977531
20348665
28347236
26211226
15979286
22428157
20303656
17943042
20273727
22358795
17123768
25140819
21461882
20298784
17771313
14777350
29071882
19847612
15494405
22276982
26601019
27374263
16874900
18506511
17030083
20097745
16528393
18786763
20521142
20817524
15935317
28351701
17022934
28962260
24823735
21789797
20653638
22824000
22278705
25854603
23260404
19735638
14553924
16181859
28488322
15969858
22536100
26515153
26858644
18519127
21856068
17226683
19553093
28716170
20692784
21395825
28245308
24261338
18956503
24677552
17437395
14958631
28531704
20177420
28150365
23057915
20681642
26749854
26992184
24684228
18282966
26755949
14589639
19142896
18744396
22982767
17574551
28544005
14933702
26626268
19742521
24437368
27871516
19685099
25387140
24818825
23857459
21680464
19977618
25584849
26675393
22670605
24102404
17107844
20508496
17033120
25654504
26803314
15661619
22741275
26553368
24834829
17671317
15572070
16495868
20532739
24883783
15089770
14748678
25310460
24459079
15886991
27274082
28073668
24236470
18638732
18225884
17668840
27984472
17640292
15971918
26617160
27443788
19670664
19802285
18762193
23895339
16548024
22697091
17998923
14619237
24897932
20602413
26994680
27745707
27049006
15723803
21963268
26181028
18535865
14498707
27664575
17431783
21520667
18464023
21103282
15988240
24898043
18944378
17674672
21012929
26389072
19052898
16385873
14528945
26133702
20583147
15897888
23477948
24514717
14819847
27357921
18233640
27370397
18211119
25044264
20767301
25872564
28666001
20627809
15073023
15413124
19550676
21098697
21403628
18763326
28592601
21320306
23468722
22487458
23492279
28499176
24109177
22825934
16822574
23079085
14626687
24708487
19371145
28184235
24628500
23398658
24075083
15854741
24212148
20829056
21942129
24432116
27560489
26272430
18594139
23418906
18684114
22624341
18150086
24475183
24323821
27060828
20899813
16854481
27273580
27124597
18936062
18946964
14718813
28503852
17519185
27650460
24827195
24635019
28434194
23188795
29109167
29196001
27528842
23865167
20737969
19237334
21425833
26233296
25390001
20726805
17535914
22120422
24684309
16241457
19456451
15216801
28312738
18875274
18167545
15211216
19474388
26137759
19274470
26459814
19077359
18061247
23508997
28183484
23701036
28671268
23224818
23806246
28233067
20053999
23593315
29175903
23698429
24694535
24055084
16067418
19666764
20478403
17707049
27271881
21570962
17237249
29119128
15614576
19903312
22537643
27118271
25553428
18237432
26061923
26427848
20955041
15713524
28561315
18492244
22482451
26071814
17268692
20421912
23424061
22464149
18201382
18782073
20530711
20042419
16681229
25856495
20381241
19470062
18583212
15127368
24622964
23993373
26157245
25747210
20374621
27355201
14545225
15077282
27527982
23060326
23025301
25925937
22519149
26943095
14579512
17417362
25560334
28045276
27489239
15262559
21313816
17025846
23166918
16605992
28668840
16358733
24512753
15486671
23642694
16209550
23276639
27092514
28162704
21969734
18781423
25287499
21838585
27553294
16875501
22416052
18247145
25330049
20158777
20420325
25580424
22679091
19740665
20550148
28063020
23036150
15167806
23901492
18970728
26477489
17363904
21700143
18790511
17208901
14905932
14532025
28377851
27904576
27572380
26342747
16069665
27713292
25767798
27031845
27596399
17063317
18604809
20361092
26837552
18224424
28287392
16479448
26034348
28016249
16681544
18487782
16324186
22738993
29162682
27732980
18718317
19669298
17034015
26928502
18706518
16257946
16694103
18134593
16311990
18456337
25727602
19467624
25238124
14479281
19251831
19824341
22125342
25574938
16162685
15973479
17042985
17064376
28032299
16782213
21365794
20198195
22126785
19546614
21527020
21728865
15721115
19412116
18622634
22145504
26259969
18108728
28433596
23616268
24409303
28437128
17152470
21652406
18520485
18126923
18962130
26029719
28232183
25004846
21762380
26196440
18542878
26739561
27734395
16133156
28711842
23028346
23785782
18237786
17464575
26280932
19756690
21886288
23421111
23222586
23496957
28852201
23586072
17692259
19540960
16775740
24741712
18380119
25807894
24986150
26481381
24718882
26895592
24339680
15614789
19093097
16473089
16602755
15727696
15994429
27268082
14672757
20257119
16822813
25240051
19737014
18714476
21702401
14499893
22024696
25121378
18349177
24894486
18766533
16725675
28844526
26385425
23470176
16975787
26351727
27025225
22903067
25689327
20924952
24374294
22719010
26039693
20910006
24246753
19561221
25425803
16301451
26311056
27781212
23726547
29208374
26488114
21646872
26187437
27638262
24374139
22187140
27884821
14681413
28913912
23444292
19822151
28009477
27321466
20261298
22128086
27267371
22441616
17983771
28720601
15769842
23288014
28865592
21050564
22483043
20379873
23442887
21614963
16474397
19392736
23466914
21235025
26747965
16372899
23151311
17421513
22996824
20536347
18543615
21029681
22533993
20262558
21542786
27163711
19172685
16804341
22064184
14962070
20233478
22797359
14918173
14788873
26873858
21503237
27752340
27165657
15771765
19372948
16902374
22307227
17723620
21035036
23068034
16156971
25826412
27785618
25040874
19905660
26109802
14983458
18463148
25166657
23984565
20546920
19257024
28195901
23723028
26894132
25152748
22533173
22848295
18928661
21327181
24130510
18280334
14869650
16985062
27224037
22603184
27530446
19704788
20964608
23482057
23309766
19719259
25042255
26057992
23924795
20385773
19725683
26293526
16968964
22889087
21981574
27810658
26571907
22616640
19727910
19553703
20832055
15821075
16448755
18378807
22168184
26043424
17830005
16831946
28184839
16312461
24081606
19734131
15881143
19184368
25219040
27925579
21702986
27079117
17346035
27327718
24863024
27261768
20764176
21755585
22743562
23087195
15929248
25512818
22586571
20061386
14903825
24088658
16676863
21427122
19113215
25798521
25187368
19510580
20447968
19445275
19006247
26379272
14634013
23673531
22403882
16363022
20209436
23225982
22863274
22104478
25575143
14885182
25693582
14528010
14923124
28006581
17848720
23397908
25024672
20661848
24760584
19877006
26172683
14977207
14948479
16194176
16544740
24957197
18891038
28517178
28896630
24972260
23475900
24474492
27373152
27972594
21274317
25763142
16680347
24783831
26090063
18415655
23745820
20211065
20764305
28882259
14524781
16342716
17869474
18634251
27257531
24168309
27978827
16645833
24674845
19075577
17008045
20809551
18485971
19974774
25310510
24373548
25702031
27362580
20619273
23247886
22005091
20760970
22991415
20565098
25631003
19581700
20918504
20746843
15548835
14791016
20715360
24735043
23311642
16312560
22823374
14929268
21942584
19451921
20093197
17563843
17529955
15949266
28787965
25466291
20277348
24860664
23676447
23158499
28160813
26291731
18554908
26447846
25602002
25024464
26156626
24463997
21037078
28999445
18869446
15700141
20037869
24693905
17442497
22455652
16090384
16892271
15511098
28826923
18576191
20746046
19183352
19434689
15289135
22569139
25941872
16106049
21207930
28052420
18471179
26451592
15996185
23997534
24547100
27553259
16102278
28461711
21620543
16651973
25073681
22545739
18139660
18283700
20271846
16781313
22642890
25775993
28377830
18440210
28623181
21839478
22985451
28198440
15268719
22855129
24076743
18843054
19378329
24523760
16023486
16758464
29088381
23810136
22722544
20080102
21641765
27686373
22339204
16732056
24888155
22274890
16222333
25934404
14447486
15972902
27575322
25779573
19772529
23907936
17601422
27833768
15213407
25192272
26651892
22461520
18299583
14588796
18275503
15411065
22641450
23366638
15976994
18565086
18609163
23231230
18124659
26016769
18694478
25795756
27575093
21725531
22426004
15297670
15078952
27790461
15308735
15373365
24639595
22622440
23273995
25647607
20908045
23998131
16632962
14902171
27934533
26043194
23746699
22620194
24984005
27551124
18867891
23129269
15364750
25606110
24944516
23702062
18135884
27572425
22333439
16946696
26360076
22813344
26040168
21954517
17839298
15962894
18274273
19059094
16135044
14789946
19856377
19038724
22837455
19335658
19652046
15882018
24042485
18892709
28039057
26902504
24906591
22752170
26900345
19898809
19172406
16725393
20312774
25382269
20697486
27416030
15549150
22833204
19172776
20326882
23113837
26540639
18718724
19070973
26543758
17231199
19204035
24089335
16134253
18752425
18984831
15378780
26040659
17139927
14800826
22205971
25211517
23403073
21230636
23050442
28308907
19998208
18750084
19691390
25686312
27529086
22961857
17201882
28507307
15521163
14669663
22877154
18540895
20656670
19188434
27345280
15374453
23580556
14493829
23829089
17608763
26675749
25608220
15346787
26797498
24131650
24512633
15393517
23618961
18395562
25885793
18294821
20122602
14837034
24000612
20720549
16676219
27312829
27000748
15136620
27310768
25301945
26883577
27042798
28193754
28831415
17006484
21247917
22938863
24508919
25794319
19120256
17786164
24378137
17963018
20279440
16720651
22910993
26062156
22604825
18774651
17448298
20956549
20372850
25236840
29161846
24568462
18862341
19585414
21790700
20221172
22671341
27164556
22296646
26218142
15412093
20448063
24729697
23650358
17020265
22352083
22529012
21475975
28343728
27179376
22703455
17448349
27865383
17111041
16506142
19562448
26277346
20215862
19043193
15990536
17519187
19513799
23706884
27825242
27405043
19385989
25224445
27859630
19708060
21024563
27076408
15787824
23547030
24787109
25628440
24140708
14994696
22205651
19380982
18850346
28685089
21056537
28808493
23711394
16045274
15273784
24446527
23891799
18201251
27064082
21660511
27054599
20257087
19164114
21842612
20394327
21646669
27711995
16182397
17748584
19074711
17941705
14848547
15132496
26093715
20105228
18577347
16674807
16194143
14718313
18365450
16612948
16620834
25711421
25106331
20972014
24351327
19106693
29111972
24622067
20432551
15853579
25220302
23240929
22616770
18657082
18270163
21305077
25620295
16237315
28818459
15183520
15578300
26428221
26383554
16122767
15411330
17347317
28276221
21101216
17800391
27378408
28192920
16930711
28273324
23301885
28955986
18704608
23283404
19798074
16958913
19566756
25547540
26926118
27446183
24299736
16965970
25511119
29220610
23433116
18777937
19756674
22707349
16131875
15529871
26712240
23052058
28335654
21828471
16865575
14823532
22231245
22601591
16252965
16625120
20183675
26805031
24909544
27982306
19651090
27626786
26163335
19672962
16367792
28774912
16702604
28128450
22436673
20283025
27848549
28480027
23045565
20972786
20140870
28091390
24756741
21515981
27293381
23340104
18944351
19792966
16450507
14783316
27748883
20149582
20108763
18458599
24560764
27948047
24261393
18062930
18289931
15558196
25362882
22667902
28089080
24270425
16485333
17567843
20343043
24086922
17472118
20358209
19397062
18336839
21112906
27710134
26057346
21901477
18038080
27604317
16080986
23191432
16011607
23878613
15723465
27125500
23318498
18440353
28586839
23390318
26840165
22127328
28025253
27567055
25410251
27904236
25426555
24234123
19943961
24245158
27000883
26320788
29096796
15379501
17135078
24528363
20190788
18032678
22380984
18439644
19212870
27593915
17720956
17696870
17917675
23710154
25320028
20862752
16087184
25113787
27416465
18506443
19854587
17384583
18764244
21152778
23319304
15578399
24399784
17130947
28423313
25571317
21268570
23686389
21846004
24334921
16904278
22320508
28747560
21561750
17976791
21377844
16434927
16254908
25359889
16668822
20872429
19070170
20426596
28425947
16800825
19429623
16443144
15310577
26370609
27263736
18393543
23114534
21045695
22110909
15409319
27355599
24586314
23877889
27783842
15150202
25709132
23514124
27528095
17508834
23525111
21167556
17639718
15428570
17657501
22901445
24021424
15760170
18620606
22392151
19004874
25162040
24230940
25032124
24246980
21213479
21830416
24174307
24968778
27248243
20474206
18343145
29072513
22814200
23855906
15833621
18568470
27035009
24410433
18887234
21801745
19243687
21750400
16423130
20184688
21802103
19076450
21053929
16967686
28016259
28012049
27363759
24391396
22139300
18294454
23695635
21902527
15455082
27716397
20237897
22356440
27073975
26549979
25637245
15921127
23046002
22859414
22385161
24526338
16046265
20201836
24996040
17378406
25229527
27474763
16546230
21217917
28603374
22100405
24355232
28539414
18431182
26856075
16044326
25983419
18201905
22326910
28546739
15839372
17165108
19202948
22654278
20397556
16490206
27072014
14850494
16360910
23223599
15178516
25128897
27975324
27642787
26042476
27255306
21156622
25241049
25804746
25070632
15555338
15773316
19470494
23212276
28236794
16870829
28934001
18937636
23033063
27005067
29124425
26064157
18515303
22482253
18177352
17633013
27578896
28876965
28611412
17544131
24621200
16264637
16569120
26251751
22959871
17535765
28061345
27364024
15286276
21345652
24833845
20596637
20668979
16159999
18257648
20491230
28599165
20652169
21912981
19842636
17307504
22191251
16342026
16391347
25619874
16111472
26650443
19351404
22707647
18207869
25704171
16323958
28554315
20149487
26582531
15910540
28642951
23721453
23632875
17020106
26520110
21559225
21057544
27109944
24654061
14641176
18033028
14996503
22528321
25058019
19533240
14847709
24882402
29044478
17826618
26643525
14643685
26466860
16803088
19133417
27469132
21903007
22082113
16422152
19617210
25000788
18827301
14676792
14973497
19883265
21514381
17212673
19583067
19050045
14812061
28619160
28716195
21959466
19736004
27046760
25396078
18173970
23508132
20695009
25943182
21567979
26789448
22360700
17937932
23113332
14673530
23855094
22490252
26959165
24409390
27320540
16993958
18799634
26035868
24409423
22511534
23368520
27190601
27679335
22389655
28916794
15090320
24942838
16163776
25452088
27828254
26657953
28474349
24924767
28223202
14733287
26325303
27927387
17632562
15304934
25768644
28039091
20142381
18447654
27510770
19243576
28309662
22539652
22691421
17570131
24001932
16748203
18050073
23697268
18797909
15846351
17551705
22628004
21986472
21889250
15459675
25577163
19886814
27492420
17283595
22160677
28071318
27235829
23418635
28888952
23634001
22667703
23022417
20853891
16342886
21639322
18122293
22145205
15713821
27705145
28551607
23047076
16345444
20727315
22241680
20471733
24367017
18700617
14939375
15541566
17801045
14495558
22805375
19346536
21308887
17940666
15116933
16466900
21843946
22737338
28589507
26053445
16265530
17409618
25610472
21211989
21852935
26968388
28790818
26764436
28305598
15087139
25682628
22736534
23055162
17405708
24752589
26082327
15668810
28203962
22265564
26620229
17178139
16771471
24345950
18025525
26929896
19636310
21028590
20753383
24637568
25574024
23496477
19160695
25265138
17460655
28924819
22796578
23706941
27282497
20406154
19111078
19037146
22764646
21271208
26799826
20606874
23522940
20318681
24502610
22527343
17465063
21467843
21095216
26696610
24253898
22313925
21336472
19204147
27577432
15768139
20300640
23009149
17665344
18685562
28729141
28417069
26792659
14922825
15199006
19814328
20880781
19494712
28219796
17235968
26557699
26125309
29024240
14559662
17467213
27821652
23530580
24156119
22133726
15569789
19718412
25581542
28112420
24062860
15906933
20954668
22080932
26913024
20414616
22978231
21902061
28700154
19750098
26724864
20409934
20134784
23905384
26770123
19839120
15988060
21558052
18775556
15839058
16282906
21080510
22605710
23491116
22871537
19116657
25366979
15947731
17742473
17885597
17542582
27686446
28461273
17133442
27288422
17193001
18033670
24943630
24756601
18778720
27474290
20251031
20743444
21738239
23541396
18653562
22977147
25207509
20669598
25218273
21261697
22939681
28878047
27039945
18568452
19473995
22423974
25521194
19078905
16214445
15581700
21646029
23932701
26424707
16617638
17999130
28557883
24632476
28092705
26136857
28880175
29089216
22813535
15878093
22835328
18187076
19306352
15748320
22788241
24130691
20422402
17805642
28715164
20514579
22824191
27719592
24353733
19156555
25029420
28873595
22928062
21415185
28264440
19174465
15521349
24701023
14717793
27280561
22805291
19235334
20437026
17489354
23076863
25328952
25096754
28200645
27317752
17782559
19137987
18175436
23679767
17099728
28641836
15964202
19673081
27127971
23621730
17742201
25398406
14875693
21312463
25119916
22349418
23953887
17232008
25249033
19639650
28851875
25280936
23157884
16152846
27051267
24114913
23724096
23347897
18127377
24074576
14472672
18393926
16413024
22879881
16465484
14921477
18249713
16184810
25126540
27848162
19895333
22284925
18136815
25364751
25525424
27118644
25812886
26754047
17191864
24266438
25270718
17808606
28641134
25377505
20427594
15066848
28113385
21207800
23293139
18361436
16639173
14799833
26807731
23344167
18488322
21701279
20602743
26589700
22470156
26158250
19750469
27420328
22403346
21825149
18493433
25746045
15231368
15274599
25132767
14602454
19880999
20076838
27258796
22173203
23766033
19671749
20178043
28021958
26710626
26296791
28391346
27096793
27580310
25484755
19177554
25907637
25217705
24191751
26815589
14671503
14560946
15380204
23273683
23622128
19263395
21182832
19709119
15220593
20166088
23792290
26440048
26829717
24296169
21408048
18692436
25774756
14939047
22652630
25753315
14582045
18708540
17121656
16829651
25818845
18522630
21613686
23452379
16059601
26178447
25282979
16412478
22146779
23475884
22237866
26863828
16277603
14664426
16090846
23403517
24112289
23595696
17401395
27692899
21775838
18974919
19719174
28833472
24221004
28502767
26693891
28286638
24925770
27339191
24318868
19678960
24496328
22982505
24876000
21214205
16429113
26980752
23085805
20525984
15877332
28646192
25340107
20173815
27365216
22713650
25124365
14584288
29126186
27188616
16372131
28267259
23327671
24089938
26549089
17939674
20389209
25330127
16868064
28559421
26565689
25987650
21535460
29066341
28602022
21033990
25304282
20498146
16802556
15871807
16290939
20479509
22298470
17096887
18542552
22308905
19401517
18478465
23060777
21553221
21149209
20675411
23819868
26484325
17931475
22383316
27245610
23627013
25373118
21089966
15003612
27507981
25405786
27218549
26785171
15759809
18926787
18624181
22350169
19363139
17153690
22633403
25352358
27692595
20817215
16492254
20490457
25111222
17575544
18413014
28749683
26018780
15427844
17056116
22032678
20899059
16457337
14747286
15294019
17300868
14645648
23990964
28812092
19251203
28596473
20260042
17190871
16527706
22414779
22132520
24993765
15188071
20859694
26091088
20451810
15720211
21511159
17914719
28307145
25186735
25951255
22451950
23924827
15800851
26484227
28387833
24575783
20046711
22973719
26061862
29162151
18418293
21341556
21269381
24903102
28493698
20808181
15973723
24667220
24698531
16399565
18983187
15429715
25812677
26608373
26109763
20914348
18297383
28021226
27243273
22065781
15030535
18876177
16865785
19608322
25070000
20919369
25316115
18828988
17973292
14832991
28772752
15112550
17922500
22052242
26298129
15981391
26481267
15922002
27475188
22041971
17926905
24881136
18159238
28851653
24195945
25975136
19443134
19502153
26201076
20864243
21192709
21125241
27876961
16720058
28441139
16510375
14545616
26416020
21303021
24142907
19999814
20160937
20473692
15353659
18639692
16474744
15929411
14551228
16874586
26753514
17114266
16329326
21407920
21755383
28554816
23711275
15876456
16135800
24503028
18530629
26230465
15526397
17737513
24985743
16836088
18665465
24580740
24483944
27727562
26755154
22215575
20077711
15445942
25497405
26435567
28390837
20364532
27913511
23216879
27905563
22125034
22300470
25359760
19026461
25878600
23790367
17457892
21627218
25174035
25210755
18483426
17811837
19935529
14497436
21898678
23467023
17277938
17662081
24276621
24782215
15365078
28570685
20978458
27955414
14806066
14829065
26031018
15954777
15878189
27110645
21895321
16319688
22501464
14585644
25438662
25596736
26908855
28439882
28264833
28343694
17419146
23898548
23982120
17590607
22166360
22350037
26721623
20378695
26519195
18514931
21603650
25224862
27089650
19405792
14582048
25727167
23192974
26774825
23890017
17790308
