51709570
42906110
42368462
49587447
57406864
57657375
53027939
53466113
56105417
45845502
54934187
43182403
48878360
44390436
42671111
44705965
55216874
57732063
51772358
51087974
46986402
51944161
51486633
53593534
52676207
42733680
57458754
53957088
47578550
52256190
48450447
55385233
51110213
56873143
51978146
51045632
44027184
54545879
55274206
45789620
48832817
54519728
44410363
47459218
50169012
57116434
55531117
49401180
49972902
50762273
42546856
54650181
49682915
53933962
43374798
53543445
50862331
55547088
51848706
57083839
52927841
45733054
53214564
44635928
56859708
56413223
56061542
57871327
42196104
42570091
51780396
56660131
48228631
49674574
45229548
51074670
45095755
47600170
57450382
47573840
57783495
49781753
42203379
43503489
51310819
47374353
53498169
57106532
50343882
42749661
48416403
49491698
49986552
42418045
53673600
42138483
56234349
47993050
47534803
56277392
47248214
42259137
53311062
45693400
54681472
45373325
46721388
50986117
49178184
43827526
46173094
42728358
42319806
50590771
48260300
52817023
46902336
50203929
51991629
46437690
55777576
43599924
50527259
45054467
52816049
52611459
43868302
43643437
44363843
54038319
48208298
42547646
56807706
47730478
53326269
57421906
51001150
50039384
46937999
42157813
49599487
54688706
45961779
53965489
53628603
55018497
46970021
53555992
54398404
56742481
55448712
51368649
44473018
56339987
57789938
47057693
45005823
47759441
51567824
54428620
57406328
49212599
52190925
49362153
48173108
48118626
47373587
47707274
55600766
54508332
51491031
45765772
44351583
53919413
42363099
56881921
48578226
50644892
57200614
57009075
49650217
47983089
56823814
55973566
53786295
54663207
53427185
44809040
53996529
53986309
42587932
46755603
45007397
42574371
43801254
52607272
50861045
52769846
45090442
45010412
57235606
53238453
44938189
45593183
48011563
57099826
57690722
56191195
51439468
46236194
46647158
55985380
51590410
53052026
44282300
54098357
57439497
56407847
45024874
57049980
47161348
55631077
46738337
45995426
57538712
49814133
51088919
47844995
53042123
55271258
50666461
49095194
49672051
57516725
49155409
53816771
51172369
45041117
56910240
55769353
47967334
51413847
53360557
46213388
50334167
52533732
47527620
45417288
48692818
43414631
42211372
46083437
57679748
47305152
55463604
46234755
46447073
44677504
47011657
54243537
57589848
44302131
55067540
55797557
44751404
51075063
43705381
54359247
42096871
52755335
43351746
57460217
57531677
48089130
56764608
57933883
44098468
51963018
47225237
57640674
55075992
42357497
54118383
43296696
44738597
54893402
45015936
53921089
49615217
52601002
43076408
50394507
56757287
48192480
54250509
44812789
54826368
47004085
49364405
48002171
47542613
47853422
54436673
52986144
43752269
56136040
56293558
54745339
49690953
50128582
43239412
47310222
46354914
45202970
46757682
49021038
50278039
44932390
48038752
52180756
44795181
45947186
55168748
50946338
57223559
48570724
53573569
52629770
54136359
49508465
42484990
44407012
56279416
56980307
57390475
50674785
49481864
55691031
52120906
56178446
49943074
48217615
47805537
53961923
42115153
47845941
47099940
50373175
57940383
51444986
45263881
52474267
54692852
47590294
55641918
52460002
42327282
42445938
43176290
55692779
43736079
53898945
42679335
56229880
46572468
46264223
42354939
54947769
45155609
46141659
48692220
47617044
51855748
46265950
52918219
57712190
57104541
56073510
48382905
42254996
44110863
42574653
42477833
54103664
44452137
50484657
51433098
45622678
56183983
44844719
56309979
45777442
46804787
47118860
45923279
51188534
54496821
46065217
49059583
50572730
52323602
56192129
45109327
48045651
52679860
52490619
46493335
44467132
54962875
48084045
54337190
55306906
42361363
44482844
47287230
48925841
42842722
56325890
49078645
55724165
52026127
51205636
51930934
45931973
48147337
53403480
50495301
42437602
43609637
50111942
53200898
47370405
46144547
44678053
45820325
45900959
53053668
43540385
49770746
42127574
52385580
43224127
44287686
43496306
46213339
54553230
48143447
52991571
46396960
44606180
48257299
47956580
48449457
54448811
46782617
47739021
51699491
46918453
57121154
57657691
53434627
45149419
45842017
44429829
46003847
57267127
56156734
51352028
56741203
55773285
44571673
56652947
56543613
43893679
54909168
54105602
48852571
45414363
55631046
56204282
42109150
55212585
42789813
47957257
46071371
54743998
43075550
46055678
52610008
42022120
57612261
43986096
56433665
54455750
53457210
54328260
54411876
47837116
51593147
46344631
49786722
47152249
55864642
46344415
57029539
55291789
44642560
44514486
55011854
49745285
52875514
54906003
48140629
50659804
51133208
54757636
54339261
54691870
51221685
45729328
56976924
55713129
43378689
51198185
51786756
42780760
48359915
43364299
54460771
47320654
47286582
50781490
47933772
42657277
45713842
56748384
56286366
54172220
51039314
52969404
42060121
44199834
55799496
44535035
42734490
48144050
46915149
49217833
44176851
49672746
57823564
54341584
43430831
57526090
42356545
46475941
50350836
48466479
43534003
50694191
53818601
49640831
51859824
49135381
44477424
54629875
48707097
45112485
51492066
49849142
54199308
49251594
56368282
46363520
54030905
53348087
42725826
54416404
46922621
54834408
56872575
57384319
43804800
56744188
44526639
46724202
51552493
57212213
44915520
43791568
51052070
52704157
52408271
45820670
51630200
56382474
42417909
56316615
42284750
51822029
46389527
48030107
46352916
47846852
46763752
53343258
56455190
48187396
51847279
47163550
51396786
42564264
47447790
51605026
51307539
49392719
44775361
51050119
57700661
43465646
56284838
51734888
43690732
57226244
56573072
54041417
42285114
52676204
50523142
51273330
56697880
42322731
49089590
45383358
54682136
55758975
53572868
53525580
54083144
50090148
54106024
51692817
55716190
50028411
45299595
57112672
44466436
50303738
49227829
48287040
51018836
51433421
54766717
53937385
47172338
51349331
43216870
42944233
54949837
42484211
49413259
57032282
56459262
51262768
43918819
46526901
46554628
55694015
48963525
52695884
45790358
43743995
46460532
42425737
51618496
43592170
49668253
42352494
57573295
56153888
48799085
48809070
43319697
55665652
43569478
54250894
48354277
48612947
54556801
46512060
56997336
56568267
51559638
51569711
55302025
49072144
51062646
55484686
49243973
52077329
53184468
56578556
55015272
54194371
46144987
49417941
55940188
51437031
57404158
48796540
47505820
55709818
54205366
44413832
51235992
50252485
50118798
44277459
54305393
53491374
57226044
42731843
55802902
55941599
42049921
49140960
47246214
56950698
47926997
49996264
44480044
51876321
56748053
42056835
49228587
50842304
50973367
52058367
46779228
47231890
51961076
47666449
48367847
44291900
45588476
46529119
46683068
51258217
48640779
44229520
52986541
45593708
44418187
52029647
46926203
55299459
57277811
53625506
42624830
42213522
55573551
55035923
44183981
49059019
52395137
53965766
57486091
48747017
45618920
53037079
53792696
52400670
45328280
49192876
43339957
45531793
53069717
50070439
49313412
50877219
44989982
49905652
57708419
46387600
52776964
54601197
48433526
48512409
52298256
50282888
55316135
52579128
56175714
52750360
48302339
53870117
47751987
47202162
42576273
45855587
45021679
56313735
44376390
48652156
56880717
50403323
53598591
43158393
57330309
43915385
46268722
50343617
43668735
45926224
48770339
51113438
44616143
42424081
56053433
49865621
49167785
47245493
52443479
57095068
49604960
51765043
57088999
48802223
54578285
54153720
49552396
51985038
44705140
55725345
57591198
42868687
52179671
52864715
47312356
52745530
49346831
44861596
43895161
54849340
54167329
51808621
44620099
57058947
49821498
51106835
51417205
55749438
42573026
49085976
42522783
47039169
52231078
50012465
45575594
53642150
57261434
51303206
55529994
48861849
43419768
43424194
53076964
44690387
48549080
48689929
45883665
56421260
54960417
52530090
57909747
55577184
52445330
42842861
56147221
50597360
49574705
47005257
54783332
55923583
56161261
53135892
47935332
53568797
45865300
45193921
52870568
49203005
50196253
57292054
43656408
49414033
46409047
57604007
56290221
46795782
50573111
57818194
54848421
55095917
46928977
50892165
55060208
49802278
49530987
54071274
55216805
55074770
44953734
44919942
55069335
49447638
55227471
55374501
47598934
49498456
55152514
51197604
49381667
57265522
45585233
56162730
49211726
49890149
43883932
57696207
54163582
53047428
49902844
47910308
48441406
43881806
47347423
57703135
42042622
51975178
57496233
42893065
51287776
42354960
54573523
42342601
46375418
42937651
56001852
56109805
52517225
53597230
53683985
49813081
54357856
46376883
57230927
57752372
42686914
52161563
52582536
54793305
44527588
49933769
51068750
55183182
50083288
52869725
56843669
45037872
54492283
48602105
45085009
51178359
55056850
53799166
56049212
48606125
44921040
49552541
43793670
49806423
48660115
46683135
46979368
56143999
45024125
43898478
48114613
57333904
53917398
53923864
43936918
57153027
57785222
56355195
48993509
49522298
46259253
46409948
52061406
43762554
53287989
50856418
48472880
46759373
43039715
50754460
57758116
47681564
44737253
43319139
53973425
55487166
50173935
52326678
55168440
45776997
42968946
44929813
56243873
53715113
43139180
47355141
57404860
47437024
48576711
56132493
54309478
44056560
55711849
50202673
50456635
42041412
52096873
52732494
56485413
47037969
47033721
47992191
52457845
42240718
57727536
43736379
50793232
48984726
52302202
50017961
49163479
47679616
53169193
42375991
46840018
52400620
53574016
52701054
46415855
52498939
50153890
43320261
53609543
44097846
48967690
43960523
53997215
52756069
49455073
44840793
52092460
44210219
43831985
49363766
42714292
53094890
44116042
52806724
54825130
51334838
53196486
55203273
50489516
54830577
47948779
43479367
48605164
43007081
44984457
52232430
51892644
50153061
45511661
42312166
49537865
57237664
47951653
53931186
56284692
52260454
46066998
57323210
57749406
43017625
50577970
55476543
49930097
45549424
55654275
48175892
53995392
50778639
45736180
49372310
45504344
48562696
42445382
53867051
50199133
43812374
48381368
43299037
44820472
47277650
52148853
46535668
55037448
42254596
47169695
56626888
45557460
44338543
55473209
54094012
57055198
46977420
51973636
56046286
54533220
54961107
52936914
55014160
43808772
57687938
57331007
43063460
53163988
54524701
49934043
51449211
50874475
48081621
51826282
44021847
45122583
43089441
43830619
48721982
53211212
51557473
54286476
42344834
56903746
52393731
49006148
56630185
50600464
53086542
52463154
50654227
50624180
51993571
42805308
56827083
46009084
51854314
47862321
56385639
49726258
50936826
49676163
56554109
57668380
57820234
51421701
46906051
46705343
57449456
43544098
46025834
57257413
49357759
42917773
43012798
51969412
57053895
45455819
52038788
53299595
51529929
47574561
50996263
44627315
50618076
53699793
51992781
53908937
44209969
46981275
49664098
47980686
54047577
52770849
50642913
53133529
47408242
51202810
46937272
45618883
52554847
42716602
44604531
53442288
49194358
54206644
54035188
43039060
54892644
44980813
51555888
50532083
52237203
50199456
50623866
53403290
47606458
45670816
51190261
47126801
46441219
53985199
50418583
44933991
48920928
43378804
54877582
42660658
45658055
44350803
57629901
45743613
45226662
45357766
50539251
51695234
50264405
50848103
55314068
45767276
49271474
52669904
54708582
47312572
43638541
46966494
44577056
48851258
44656927
56895009
56811880
50567683
47464227
49207980
55541695
44910651
53976120
50664450
47298469
42636580
49452280
42625339
44725768
46303734
53312113
53635772
52030454
57148279
43886956
53912811
50308733
49603706
44559281
56165279
52049049
52183742
54194436
43120673
52915127
52003872
54460206
51516190
50022088
49467562
52913876
46892628
56876210
42741436
54544711
54090034
48254974
43003478
43746398
53268311
49061313
46408903
50961203
54330279
43569145
57367688
49435274
56961779
50537251
53151594
51389269
54841167
44996280
44194759
54632591
42311907
45380392
53094218
47040585
49622576
51944378
55616420
50859015
45859223
54591398
52689912
55501539
51265870
53924161
46780595
48155953
48696292
44573593
56571686
48204942
47141368
56581758
53939094
57863933
43498354
54125526
44501231
53277896
50602947
47275324
52406753
53149778
50308207
57898692
49809777
50021811
56412653
56543529
48396658
52698621
52726306
46745809
55327623
44233209
47170899
55930140
44350344
48922462
54530746
49694043
43226843
51793970
50968627
50364191
42346990
47208421
57751195
42529056
56256031
52369444
54913968
52075081
50464247
54913898
46548750
47996416
54812649
49162780
55633813
54476894
47973981
46548347
48274067
50573653
43863666
51655076
51804437
53129939
50658266
57061198
56153618
51681410
48504662
45684375
52863597
42617434
42069115
42815826
57779192
49535513
55413939
46325594
53528584
44180648
51230265
44583825
56005134
53249985
45724839
49726352
53929653
55840579
50508743
48480367
52834002
42601472
46323755
42618943
51903284
53106638
42022687
42914381
46844216
49348544
45102340
48432067
57295254
57638130
44708426
44027628
44558950
44800236
51300898
46076239
57900337
50185733
53278312
55372621
53158429
51464549
48268216
46670822
46302852
54212689
51063890
44924180
43958978
55661079
42879301
46545251
46559502
45491144
46430225
49361168
56153452
57757942
53756353
53230591
43559031
42438115
52803649
50017993
54664514
52755430
54435151
48506163
51894205
56110978
54612236
46608542
44794328
50795781
46172830
45380256
47936911
52562479
43034712
52233672
57040548
56056026
55275240
51536155
57446932
48642352
42942283
44088823
43696977
51023954
47585330
50116149
57684143
44056790
46174518
53522684
53496430
52485189
56547372
47993692
47077215
56232476
51964028
44613104
50064748
47708057
50229456
51160621
48794309
57032424
49497863
44871780
54673249
49979587
51711469
43073447
47419484
57935781
57462479
48885864
49726380
57126756
52242789
52421195
57126900
51365135
46080581
43442982
47393214
48210613
54472448
48964404
44970750
57127523
43130147
47182262
50622945
51965170
53322906
53505949
42726518
51852552
46093902
53989776
50066415
47713323
51343665
44376025
46893769
54855861
45078458
56179641
52489234
56882341
51564375
44171521
57165410
56077762
53642655
47709910
57773298
46890179
50335991
57312889
55212200
43866257
53939556
42685220
54122475
45067041
57646051
46164491
56613122
56419286
53827856
54248888
51624527
51974929
56267910
53006564
53802867
45830275
55338690
56738600
53441576
53441576
42996799
49908887
47984617
48389420
57016548
54661071
42714046
48299660
56069542
43459178
51150761
44664560
52395599
54804909
50831335
53608393
55021228
52285749
42095441
44593157
43812459
49554435
47885512
52389561
54881317
55180407
49049021
46267300
55366484
51290121
49192206
45112758
42697980
53278136
54711246
46817553
45135535
52395386
51490680
49640083
54483018
55580587
51037950
54487187
52110466
44930958
49235093
44460311
51017555
57594681
56259037
48474053
47525499
48491738
45626575
51313342
42442795
44799107
49463430
43726143
46538651
52432440
53079155
54786898
57915264
57839843
56603878
45736256
53302605
50911733
44033899
53393617
51386014
57907966
45958677
57289180
50168269
56340729
42422598
51177398
43046327
53606116
48297882
51537701
53659805
56871322
52640220
47845202
46628579
54480421
50539015
49579823
55674648
56459751
45532701
56866969
57514301
48985354
47772879
54035821
49246079
53743331
50324356
51540599
54342722
43233502
45684403
50746292
53898525
54439017
51526853
46071586
43147338
46066247
43344196
51515871
52915476
51128403
51770993
57237783
45470642
56564299
54615765
53882355
57947551
57056522
50626299
46100677
44137766
48134680
42921628
47408154
50209660
47939513
57192749
46415264
54834601
56638605
48919563
47967527
53875557
46111780
45982006
45858192
56033482
45313058
45834819
43142172
44627450
51225954
53913663
56244285
52725052
48603805
52688300
48676453
47941787
44427654
47107807
57656984
47351927
46402885
53196867
43001268
46845144
44170403
42068080
43301096
56557738
53990399
52779486
44374901
43845874
54075176
43130425
49924532
45946619
43353738
52781644
43266976
43439210
47099576
53228372
52296630
54916850
56634003
46840178
51532865
51059454
45541591
57848649
46640441
57477849
51939578
48496986
51385121
55988792
53571409
47301937
45946857
45898548
49721734
52645062
44552763
53592532
54858381
57083251
48655048
49691147
56975373
43069362
48107821
45544590
51868204
46471311
42237830
48883216
56090037
51194853
57162589
54349262
46996273
57649547
54168435
54273248
57640442
48492134
43258858
51481410
56102171
45821355
52387236
46022298
53555154
54740692
44538717
52916559
48772497
46405527
44556774
52088435
43978358
42688562
53690088
42540781
48659778
54636542
49816723
54299966
52419154
56721145
54424105
47696423
53661791
57313298
50490099
56853543
42177154
55427659
49786849
43900467
49176043
43800456
57035138
45826242
44250291
53239402
43245050
43545363
43828121
55053742
56459659
57340883
48446758
43309722
46059834
49634716
53165516
56843558
50221742
53200453
49067598
51490244
42667434
48624620
43540572
57683525
42651788
56227634
54663058
47432288
47183277
55688248
47699761
56403214
50278172
53097378
42369667
42263066
53959095
43205827
56450052
53551644
48322308
44083841
53127772
57103508
44782005
47258957
44981758
54817267
57605163
49999304
48028004
47329604
49361840
48960382
46268911
50090258
55395618
42453317
45913737
44036008
53510369
47020162
54128789
48077944
52974162
45914355
49408760
53733884
47864499
46908805
53029782
49092420
50155295
50161232
42888109
49831273
43376240
47062719
56467727
54360568
56956225
45678563
51459495
44031391
53970019
44307369
42164870
47204391
48516933
46939225
45719688
42227501
44513611
49916946
48415016
48672202
44775789
46134807
56560904
43086272
57196927
56484017
51805726
44750588
54211806
51700193
44887179
53489056
46524917
49201919
47971773
42661754
43155356
44660487
50306175
48524209
49297612
57712018
50224296
42162838
42655318
54136541
56919356
52487881
44727320
46603051
52279735
50710231
57513135
49160628
53294522
57873783
42432123
51960540
55485175
56315164
55602242
57817280
52695890
45226860
57021918
44498217
55722151
54416878
49323668
54222452
55625108
53421494
45352811
47266856
43146819
47800602
53499281
54106668
49682961
53037823
52080279
49650706
45275947
45192329
47306069
46830100
50105848
49281512
43840830
48201225
52727062
46852356
51960198
42078848
50326411
57117172
52850521
53544089
54050837
43564709
42330755
42697863
43122581
57007470
45856596
48671356
51073046
56690451
42890174
51979239
56363565
50339773
43289942
57421542
55137188
50221096
53792417
55737291
47840935
50304242
42353707
51008245
45343127
54882990
51379852
42847962
56624808
51598385
54434515
47926251
48074852
47848054
46362033
48555791
47434708
52991243
43022297
48075511
53832659
54128935
55432901
47234361
51877570
56371897
57628428
47438225
48853932
43765644
48355341
51304070
53824881
53482080
45210963
52261371
53650254
49220111
48821829
49261475
47040311
51674397
49043955
51857047
43463738
54920252
45880381
47542483
43068522
45623764
51936706
57706601
42830544
57584572
49381955
44662881
51104191
43115239
44648022
45283964
42987899
53967005
52334263
44066544
43459992
45100137
54124513
49282617
54056894
55574940
45144709
47896460
43029634
56269254
48048542
44861458
47840817
53536680
57122600
46862675
47396837
42636953
56663307
57784717
46222104
46229352
48523917
48960875
43868063
49129844
55612068
45765423
45917879
57860653
57632766
51484871
53425319
52443160
48776786
45634588
43535678
52044318
50265875
42423578
44875352
50557574
42750981
56857522
55588240
43291370
57743051
57613385
55958772
44742103
49821609
42718550
43523114
45177101
55253993
54361755
47540680
43434958
53700954
45036983
52131342
44704134
49508506
57734666
42923743
56913406
44324372
43604391
51662506
45474349
48281202
53904524
44045640
56895545
52532939
56903315
44883031
56647721
53152011
49559470
54285632
57684857
55207888
43744246
49305846
56564460
51377248
42268457
50185107
46529865
53521805
45586876
49783360
56477930
56963440
43457742
55799951
50777742
54853663
52618338
57107588
50800523
47295916
53491519
52602424
45842110
53311091
45108751
57285633
50618002
43759160
50872288
48181496
47515824
55198960
55063390
44077025
42025438
53927282
55893350
57259821
50305678
44809454
42224431
56876618
47978841
46599452
45161694
56786053
46213506
50078937
44182357
43503736
45423888
54899093
57287658
52754619
42761529
44562121
46962356
49374374
48219625
47870720
52343272
47186769
52578471
44532930
45918246
50687531
50962205
54105595
45424965
45503220
48017541
52475769
46837864
43735597
52934401
47872948
57229925
52997005
50108685
52172552
56961135
50238387
48714053
56918994
53070770
50893524
57402817
48546015
42891726
44848991
44390398
52467731
48060972
54311973
53684053
42084281
53749192
45133181
48363801
49735430
47203155
53121422
42267036
53757392
43888326
42462509
53181283
46412663
56435152
50997446
50562392
55119342
50663787
43907237
54419069
47767460
50067820
55251283
46602935
49825979
45045217
44121287
56614049
50027352
54175677
50037115
44961371
43919412
45627034
44204256
42317693
48089626
45517573
50696261
54602824
48633856
50019583
57816168
50455821
50512550
53791724
52480228
43786588
54249320
53413681
47426907
44614488
44180628
53335812
51119212
51258849
49046596
49137612
52679495
49106921
51448074
42663211
55408482
55267096
52101605
54855700
51136987
45139751
51160102
52348588
45347295
45047489
56960253
54739243
44143816
50997157
55118144
44661602
42298110
50820560
48292790
47384917
42761583
55545151
43839999
49748898
52209954
47517842
49416198
48499692
56979169
48968853
43541766
49999661
57407606
53089715
57194600
57208451
48266920
57230547
42041057
55846338
57181876
43145507
56120087
50049523
44583163
43622998
47280458
49939430
57599212
47536039
46339438
42248014
55442940
50908836
45457558
47225448
43135898
48550673
44147543
45888934
55272964
49700865
55925511
43511364
52862606
57888447
47445640
51137578
48219138
46097262
46580185
44727098
52592339
52945301
49815425
54646380
49922207
49072126
50158969
52742571
52710808
51941937
55417530
44197304
50992416
47856207
51425768
45818729
55622241
46550810
43038019
46858431
48791361
49528600
52628717
53917037
56927568
44208098
53580224
49935312
45783889
46149561
57413816
47549826
42853505
57014302
45527762
57558919
45286732
46724735
48819721
56145957
55046952
55848577
50434944
53602644
54022569
48545570
48408382
44527682
44188468
47710416
43860676
48254547
55618161
54902541
48378765
54199562
42582590
47436542
51812907
44137388
49813797
57868896
53221609
42679511
48024228
52224112
51835860
42089242
51795222
52928529
47236592
53931422
47588536
51529497
53751450
55690831
43709371
47459398
44175220
42581828
43673586
46867036
44387751
42496377
43293167
49592703
53956768
55861055
47052232
47120027
57419773
56287921
42172988
44886014
42669673
50377918
52069141
46415363
55818307
50235954
42853564
56613585
50754580
53264995
44273862
54489576
43851520
50443374
57933378
51952562
45087758
57194406
50719630
44389971
46509219
54044395
44921055
50918052
52247045
57343355
45055432
50210114
51727896
57268862
50031694
44183454
55666456
53288039
42877288
54314645
46200733
49031727
49759615
54292242
57232852
46581471
51161265
47121174
55674489
53795943
43460864
43921520
49175743
55580044
43755997
43956637
56373440
53589200
54669603
48493836
45977481
53865632
46417697
45854227
57815144
48919844
47397474
50299600
51087475
51037213
53396153
55853006
44415286
48255984
48133365
53988130
57321119
43305703
43591875
55582492
43004638
54980511
56891536
42320497
54514992
54994448
52991107
48181985
44167088
48592218
54388092
48512638
47393436
43034658
49511961
42870247
43422274
52432915
53825454
50623339
50640577
48364100
48845212
52902358
55536520
45326183
43843066
51074223
47387652
57317520
47495122
46938788
55893063
47413305
55388323
55806695
50903932
51579464
55919094
52427515
56647963
44758716
46046673
50752835
42159481
49312293
44712614
55188312
45409265
45119300
42072169
49253213
42141468
49284593
51680915
42953068
46668659
52083599
51692612
46070150
51733200
45849498
54856034
49011511
43653089
47982610
47378446
51389728
56190933
45828458
45761035
47548427
50063529
56437079
57455575
56054324
48491239
55815565
46532919
43815241
56411241
55256244
43366203
42049545
47145702
51407093
52202182
52329722
50481715
43287760
55423364
56726472
46647940
53571500
51666224
43026886
43221811
45684648
54564586
57026039
57363570
50209518
55648582
49742550
57359929
48668772
54929959
46117742
44903288
44720821
42189443
55540973
44356054
50245891
47845613
51878068
54385787
55221837
53041465
44386513
56916470
45732290
44993878
49052614
52658285
46352055
54620870
55032968
43353257
50706746
43975601
49978731
42036104
53765391
51330403
49405990
45047754
47059275
46703047
43800471
46969958
45595616
56764022
55267133
48322764
50126479
46126656
56217599
45934703
54817825
51727107
51453505
42129890
47321467
42041463
47037191
51476014
44870401
53785455
49161812
55311900
47294325
54546140
51745786
47666948
42874682
44815592
45137332
51567407
54737909
56388263
44794744
56481212
52739451
51162223
44724042
43709644
42588332
50755449
49150018
43517486
53221631
57210941
48735847
51484074
52044210
53043667
42221867
55202502
42378223
45475094
54765843
52521919
55586355
55393867
46356586
50462738
46621631
49952761
52126664
53538959
49010544
49494611
47072807
49410799
52233626
46695494
49512829
57495299
48578248
43656140
54774844
48582945
49502022
52654266
50213291
42677608
57292435
43235731
51440722
54664724
48444604
52250684
54560812
44646030
50728334
51902858
56219229
46460377
54483522
43218450
51821058
56886785
43656317
55020846
43690579
45432852
49010526
57524821
52480653
50662026
48019410
43943315
48954996
43080152
44792601
47397239
42973101
51585329
53180768
50873367
49762411
47681563
48573717
43291142
43366819
57698100
48565762
55091736
56310706
45815405
48846273
57504459
56142124
42714988
50082102
52826751
57373660
53223049
49710911
47252595
52438266
47003650
45689263
54872367
52796055
51914979
50419435
42358557
55840462
42765497
54768357
46052493
51744723
56713152
44785828
52433116
49598692
52657969
48412498
42895134
56112609
47207063
51203380
46136403
54081372
49477967
46665302
43254184
55348026
55521577
43845506
43835165
47041317
55974022
46256274
43793378
57162430
57656261
45336388
42935520
43848589
46852059
57584627
45518154
57786828
52984608
50825934
54478604
43754963
56019314
49307061
54076155
52327728
52377279
47402365
44871255
56951357
42982254
52215683
44573423
48696965
54264857
55647257
54199433
50574544
52577529
56546675
56625842
42256723
44563823
56245207
47202679
48976319
45560744
44345461
55588413
48976364
43792426
42634794
49197950
45744623
49421682
48316724
42170543
56885843
49136203
53489466
48035541
44698726
42028835
47475808
52052054
46252555
45154633
42488435
53190365
42294045
45674691
54325111
53780749
45362017
52425419
56691023
49837237
54202261
52047732
50751768
55985142
47071571
54891533
52389918
45191508
56194170
43348890
49313064
53866029
49438202
42203038
51418192
54075639
43497255
44134668
57873836
45017724
44133115
52147425
51208364
46274050
54379449
56908685
54652867
52128810
44349063
53535877
48263011
48321645
48192022
57640008
45831508
46734664
44593103
51184983
54933761
45282895
53268525
53897490
50031319
51291480
53038232
52897735
43147981
52730347
49388294
53179553
43313794
47177326
48399258
43298097
52016591
55065484
56579268
50630766
44258803
55693181
43345854
46986220
42733393
44791806
43910299
44458087
53608704
53709539
48376696
52209408
42331038
55423913
42281863
48403542
42622097
52960726
49688932
43312386
47531601
57064828
47271844
46280851
53486192
46320449
43751533
55996324
49805366
42271670
56959799
48406277
54096183
51593213
50970168
56520298
48684991
57787057
42643356
48783714
44071440
51821128
52536187
55190781
53652685
50664395
51405824
47522030
49297101
48813615
44850970
44255765
44533555
42635446
44127488
43575767
47014627
42282784
52163209
52318436
51884380
47776692
54027081
51451772
44781422
52261187
54227784
57574689
47139922
47943696
57198922
49074171
55052175
44672535
46984965
49958900
52130615
49772142
46864851
52866388
48648587
44085052
48358500
49795411
56711844
42626543
50198021
56911186
45906481
55944900
44917324
49826484
53175765
53668767
57536192
46231802
47560296
56362196
44634108
48905861
53298920
48651043
42346385
45312265
44974126
45624123
56596528
57624309
49720993
43771237
55788308
57912383
51253027
43171399
45824798
44049781
53406735
48202136
50650485
43994741
55939238
52350939
42055100
54372882
44968879
47116672
49715055
49305911
47499580
56837975
45918059
45307015
54211790
47364571
46902276
56114905
42757898
48677524
49328430
53757553
54269111
52137822
45647370
50733459
57310609
42281476
53951062
48919331
46022204
53460613
47481597
48209077
57315354
43651856
48721167
49301224
49213127
48563604
57707639
56262457
47303448
42153417
45249090
48383330
45091416
48448831
54379509
46469762
47313374
48806311
56419317
54532515
56827784
42896476
50362587
54060131
44631224
49171463
51119276
45169905
42753936
49649579
50284280
44111093
56699546
57683465
49324966
49732319
43449505
53133313
57330584
54054510
45513900
56879970
56019935
51817810
43259304
42459666
52197218
49013014
49635536
46690312
43723474
45716201
52122561
50974158
47841782
43581329
51212671
55338739
53151495
54479973
57935218
56177579
42223206
44907960
50780227
54453098
54145884
45994236
56463718
49855901
54908838
48353345
53956676
50946209
53720068
42557366
44583120
48948184
52742451
43294241
53948029
49367884
55836543
46701178
56433857
50179882
51031093
48608502
54439514
48933506
42092216
53176447
48105800
42150470
51656304
55303359
57357292
49590741
52858429
45787157
43996690
53289385
52411591
56101231
44103750
55622542
43088718
55217274
57641270
43555466
57138554
45143322
48744242
56564458
50793140
51391820
51394678
54011227
49222284
57889503
44463785
50416656
55644933
47828429
43272946
54125219
44512125
43717283
47581555
52151021
45618483
55077824
52081912
57208699
54911246
43463471
55122042
56988494
51277210
56586200
57244329
51660086
57485982
42597046
47915072
56282717
55701652
49937324
52433734
55092763
57395630
42278468
55204307
45340519
52741278
42868765
43774502
54839376
43469602
56886908
53304168
45438758
50589360
48648790
48628386
48075104
55923238
52550662
54441556
49451134
55954892
50062023
43439973
43313915
49003008
53672861
53138786
53135887
56229575
53302537
44135856
50641571
43039011
50497964
56844339
53677148
49141476
56480540
44220707
51542162
42706611
48286724
46228903
47859369
53228298
43497287
52227851
55464283
47986466
49381164
49747410
52260583
44575118
48671789
55364757
50671836
52404919
55415837
44427756
48211606
53939328
50302091
49688368
43612232
50056358
50454036
48685152
46446217
49400982
57522284
52424219
56266933
49895315
47734292
51395411
45971448
54980504
44284408
42040838
48898274
52217602
42354421
54345041
53790040
51792892
55647103
43239851
45261991
53593581
49391351
56826071
48102115
42331034
46777372
57575599
50622147
55812467
51601867
43089334
57526484
44489763
56371265
45184004
50245311
56879575
48181954
54223097
45864390
50919089
46141863
48911544
49406587
45827298
42200529
55133387
55759476
53244536
55940339
57693630
50067998
42521055
47358126
45582510
50118408
55002182
51730674
45866765
56320532
56126763
47486642
49805267
53489750
53151946
50859978
55527489
43146129
45042623
44245916
46117218
53408367
54239661
55083142
51129190
47323990
46356180
49054301
52195641
43017054
43642785
48874828
45629415
53583102
42518320
50831827
42465883
46876556
43984417
55998147
43594690
54519214
42989607
53041544
46451191
47085901
48544550
48144393
55547099
54677851
49315039
49387361
48537997
50305195
44369141
48756182
51258193
57878812
55310917
44165075
48381028
55197611
45954824
56267244
55836263
51636191
53639812
44574266
56550903
57510464
47256864
51619912
47328048
47009208
52920980
44709804
48653925
51497466
54867537
57692358
45469708
53362639
53321917
57544343
57537185
48358326
47981183
47678867
47470391
48240299
47300779
47327671
57070540
50141841
50088685
54982653
55003140
52023116
51870128
42541568
45611895
49264387
53077608
57782589
48702415
42640310
56271588
52092867
53540898
48198448
45408822
48106541
53479174
55833684
44864980
57802547
46732103
54201335
45069894
43093688
45507033
55479355
51570551
45648015
47568567
48932665
44861707
57486880
53780254
44045823
57325201
45936164
52946571
44081139
55474014
57625560
54708756
50913650
46516733
52926036
54788244
47520630
52159552
51206460
54646129
49167137
56358573
50910458
55661648
56355159
55664177
57185601
45721782
53981251
56547942
49778373
44580103
45707714
51078355
46245867
49913019
55694064
46117857
54862707
47118779
56025396
42654700
42716345
46592608
46422622
42625664
51497733
45192595
42747985
48638447
52084367
55793392
43750693
42473090
51044967
44080570
53289723
47562641
50961910
56824945
45264121
45258980
54071584
44983435
46521177
51634249
49664309
45774109
51808160
48240192
50769671
54482530
51161021
49381878
56609652
56184820
45133244
47769881
52441891
56554227
54449757
50193248
49459290
45224003
48106911
55090486
52362525
43711700
43971753
44073606
48341636
55770636
50162242
48983237
43383497
55922422
45983918
45062036
49093347
54139886
48353618
49070242
42234443
43335330
48479520
43401411
54739376
54018368
46057900
55238215
56880562
49880063
45737593
56671627
47416999
56867091
47038937
55532663
48971928
45638042
44617697
52261764
54760895
42090488
57053158
50082937
51550149
42096314
53028862
50013626
57818071
48403621
48867649
49149050
46059148
50626378
45745783
56603184
53938555
45527417
45582533
49153189
42526602
42550328
48532109
49619399
53362888
52249283
44667979
54985737
44731726
56083324
48566891
51845036
47453895
54382053
46193969
46426398
47075662
56430798
44036351
57649654
57491002
57783733
45942790
48208925
54959752
52924553
50117072
50505442
42053556
43579425
50456213
57429512
43126069
56727691
52995015
56798560
48085457
42678682
43463914
48596038
54403508
50852717
56223066
48058041
54590850
48443249
52647431
57815799
48868998
49624238
55465870
47633070
50438474
47646191
51533326
52325749
49967107
46634148
48910666
51927164
48805265
42932653
52753470
55934775
43642413
52278918
50914634
57334947
49328176
54542286
57688893
47219431
50601818
51387948
47712042
53731442
51591453
50879490
53299036
55024533
47939471
46150090
49119423
51586985
50681139
57414825
53379017
46659666
54583611
52974602
51224778
45603771
57564200
54883428
46171048
50368376
48380883
56074820
42785153
45630077
47880356
55885929
46680315
56703152
51917394
49666329
53993508
44818803
45417242
44763894
56869256
57474054
53172813
54201797
56291212
53293019
44677553
46546121
56215072
51517586
52290590
52358550
55602680
57425426
54429718
48056087
49254301
43294642
46174194
53373984
53210845
44133665
51399962
54989829
50223320
54264150
44722134
56901952
47583314
56991450
42784261
42396180
55328474
55059494
43103955
51758967
45150608
47243713
42023915
54807312
47490133
44335775
48907722
42632725
53835581
46537562
49213270
49685228
53099191
45139567
48167449
55302081
43160205
47689332
50336995
57560837
56055808
51209305
42494894
55197375
56191687
49234719
47749303
45053979
47555459
49174937
57300785
46799625
45718908
51535747
49440007
46574462
46752448
50676434
54703447
42173652
45990806
54036883
56958409
56733938
52427553
47332915
44738026
46776798
43024494
55809225
55080912
53522246
51947276
51341131
49660040
47039484
44586521
50354863
44907955
44569229
44637505
45913236
49591065
52880646
44099932
56159432
54278359
54123265
51583471
50352131
53410999
56044937
49032463
55929418
46535048
55312820
42910451
44117880
44780491
55903785
44711330
54762885
49686164
55364507
49566527
50727260
57740076
49124520
55255046
56917101
46069328
44897660
43416315
44083868
57171267
56067742
52214398
43325446
52592754
50673633
53540519
50472118
46732772
54140313
48043892
42048616
44164417
54688266
50276289
56049070
52535839
57042558
54731731
48178195
57531519
53083154
44471620
49630689
55135308
46055905
50911973
49428541
43415834
52822742
54339679
49505855
48188456
50591276
50411681
47147045
44378067
48180337
43577308
43626378
49002522
43761269
44235672
52682482
48361560
57908059
54223787
54343023
42249811
51695747
47998310
50437625
50257616
46915321
57680763
51785275
55172737
42834932
45347402
56387218
50108314
53088371
44373437
48914912
52213173
48999874
42955434
47803593
51081864
48251851
51423175
53502461
51766098
55690128
52543961
55565631
42393201
52021182
52762758
43754987
44205109
55821364
44734022
45180137
47860042
51753280
42388692
56786957
47221999
53972308
49690074
54316024
45768618
44990903
55589050
55696182
47683182
54732290
44318551
54165122
44598028
42791083
45151930
56604889
53486788
57781683
42912927
49613462
49075075
45534247
44288171
44828485
49161034
45846838
51725713
43767766
50235257
56657225
57864139
48914611
57429675
53743371
42652852
55904115
55338861
53853384
52518191
48030412
54949520
42305579
50016258
49117462
42636718
55793378
52903791
43506297
45253579
57533495
55706469
52954922
50113663
48132957
55453608
54933954
51520739
46748766
56236999
55566179
49506616
57018073
45493208
46441375
44007072
52863710
50320936
52571311
48627435
42771433
43139621
54591240
43062068
48240925
51009937
52485308
43662486
45566107
54760102
42930237
50623594
55098818
56798437
49329893
48745831
53555490
48870995
57907146
49996098
45999208
52379760
56130249
49423317
56456255
50369895
55999781
57513670
50693502
53765265
45971632
57816201
42515619
47293441
55023280
52806550
56253078
54925903
48447597
49610402
54979434
44419845
54208701
54638521
54687721
50756440
47049195
50568376
53692063
53520149
47023548
44794618
44158684
56903651
43912905
53900739
54350375
48763997
53481619
49942608
42148040
54335429
50558255
46867171
49337216
44502885
45042201
55053873
54697017
57567973
54446204
53238477
47776718
48622686
42101135
57480638
44304604
47484513
49838999
42914988
53489552
43293832
49141403
54279640
50869072
53709585
54743302
53168645
51039236
56689423
52867168
46169240
45480177
57680714
53430726
45714760
52048600
53748553
44115793
45520660
57722862
50843456
53835617
47324413
50706276
42742770
47605377
42254347
42172572
42728394
55642858
51609438
50006410
53682877
48886778
43701847
51078014
51587651
53161969
46306851
46927410
50432597
45522376
51191452
52098881
44252513
57807982
47977702
46054761
55098692
50527517
43712112
47982283
48058295
51419124
45177699
50263266
51938771
48632397
49193446
42671080
43331687
50148992
46116933
48342166
45278873
43006620
50414873
52760734
46927521
53859029
52713852
50576235
47671609
50198061
47432614
44264582
44833841
50762774
46120635
47338957
51015597
44119534
46103051
52249452
51007215
55586509
45509688
45757509
47557142
53490817
44183665
52978058
52374370
52944825
53115868
53979006
55737320
55925183
50505327
56501673
49972285
46293786
46259327
52693729
46981918
54207354
45834865
57816523
50498409
46183216
52071590
51403729
46552423
42239173
56722274
55363739
52646635
50095405
47957192
48053594
55549983
54724726
46543472
57199497
46549578
56800276
43447478
46440558
56404051
54207982
50840201
48925286
54485898
46859158
53634619
44988803
53396595
53422063
49025776
44424453
55988170
54145664
54072689
55672852
47957184
55132744
47238306
49497954
47333518
52406788
51730053
55108331
55486589
52482094
51637846
51197701
57036941
45174471
54586918
51970492
43177489
52977198
49292903
57905758
55640888
43984824
49569974
50613428
57349148
45344760
44648397
50011595
48441041
57644437
51942189
55445637
52458083
42955657
57376919
46604175
56039218
48128733
57077614
42236135
52087516
50114835
46340304
55229692
43061371
54442903
45649744
54259212
51941863
53904374
53115340
45101489
53497991
56983025
46006345
52995948
50399754
45732895
52326805
42117029
52377972
57085300
44662689
43786581
48355582
56221211
47318114
46680800
48460136
56533937
48106300
53951728
46438703
48774975
54268961
56934270
54437109
44959176
50724947
51221128
42734314
50277756
51047602
55448021
42631964
51623530
52674004
46935945
45912105
48294698
54691788
53752589
52863648
43606165
45223441
51124521
56564907
56441482
49330982
55191258
47354461
46258798
44111377
46481296
47498102
49446636
43438629
54781185
55194820
43147887
45312560
44355290
44959529
49004289
50579267
55835190
48462977
48744413
55774983
50064287
45678980
48607640
52193437
49924322
42885633
48250984
48510713
52506246
43468155
48938344
43380832
54361017
57681831
48795519
55013510
49247053
56001809
51111095
53494320
48444160
46582113
44823812
55265187
51523922
48423841
45405126
57276940
48400694
57548344
48167316
54574121
52284078
45824460
50735857
55955654
42892340
57687346
43357516
45312772
46701996
49867155
47186301
43552801
45171049
42968959
50527764
53419572
43874294
53204826
45272213
52743269
51087860
54297159
44663742
57042710
51395903
53238160
42662177
54363381
56395878
55614527
56577542
42093015
46765964
44390773
56682315
43220645
48237737
42424754
57222010
54602415
44365215
53483318
54958490
56478485
54557560
47573656
52495821
53788386
55853367
53579102
49292805
55424205
48952094
52510242
49997286
57467436
47832488
53193161
49348570
54168815
48670090
54634721
51898639
45260856
45196030
46943533
48631193
46354488
47038436
47373470
47638592
47677439
57746364
47156097
51585301
57224524
44568914
49624279
47651670
50417237
53045808
49761682
46188590
53701015
52903871
50533713
51418991
48690421
54756543
56576860
56132087
44962858
50528082
42986247
54882461
51088085
51148864
56469015
56878416
44187471
56868902
55102970
47289672
49443069
53318675
43201321
50036703
51300288
56446051
43577799
53534135
49750188
55900992
54619884
42769617
57731281
57696460
50642038
51056674
52471083
45064917
46448173
43685786
48475256
54118470
43389410
54507119
53622248
46912184
54153641
56208231
43756434
53292269
48659557
42123666
42820943
49324627
46922969
43412110
53095275
44013461
54953892
45614758
57526295
52077875
49303434
50465018
53370775
50125090
46132416
49870775
42681114
44291065
53431103
47777097
56961742
47326203
48199578
49003245
55018450
53220696
42918388
57429538
44459491
52206945
46712872
43070256
57348754
50630252
49238661
51146595
51057211
57412982
52491759
50668364
52440616
52105693
52932754
46478736
54595412
47719197
47222260
44411598
49916709
52527628
56294279
48957088
42370362
43558342
50404647
50844730
42403799
55777936
43291523
42553253
52056352
50929348
54940714
53728369
50225147
43933886
48073899
52390911
43042939
52518373
42541049
51344093
51971281
44315612
42949223
50758858
55647444
55171683
52233239
54334093
44073516
57631005
43605272
48225628
53085402
48762326
47161602
42659765
53422764
43983897
45597851
43757411
49306622
47925055
54308694
47563344
44268291
53324307
52510678
45641055
46159537
47792398
44191494
52657922
49306870
51861223
53514919
49131721
49069569
53336772
43022769
51369666
53692395
46775438
46238039
49767772
43816202
49090689
46742127
43927591
47654278
51831912
51740097
44435871
47484329
55795260
57529380
53878255
57710634
43755407
47015267
52346414
56349177
48132845
54433236
44394940
56792644
42266444
47897191
46196114
51802502
45871210
49034403
57342762
43668672
55054545
51281389
48854260
45374517
54015356
45976087
52435150
56680100
43066815
43760262
49095892
45221288
45486137
49153001
50098865
53064274
48829149
52637639
49750930
42810544
48911420
46436834
47256933
45558624
49626333
51028599
45264461
52493720
56439358
48992224
46669611
53196503
56275344
56332338
50235822
51797679
45904639
42078160
53820382
48445652
55512093
43401920
54135310
42139678
42046764
51531950
50741802
48630834
45128062
52316529
46340951
55456593
57298478
54812841
49244548
55948559
57056998
57871029
49332627
55772873
57266611
42907119
48400139
53162418
49019052
53792713
57561922
43022041
46314019
44244948
53944769
42291505
49350820
55938192
56817196
48229780
55749925
52804500
44265311
48764885
45396751
50165078
43895988
46595051
53701592
57293041
53965810
46023036
54983074
46546452
42171020
50352780
42209613
45999816
43001412
51745382
57303231
54051013
47144607
49370703
47976531
49446985
56348087
46123032
55786085
44875934
44187866
56544189
52104636
44784034
55693380
53406906
51453293
45354121
55376899
50781966
45670108
51697135
56068635
51015848
52211535
49637144
44384567
46639247
57386055
42559371
50753891
52034262
50567951
54236631
54649364
56323923
49236830
51426483
43987224
46725789
56282703
48283615
54564573
49100138
45052209
49647749
50918090
57194939
46109481
43386084
47364810
42802503
55934285
54800553
46205529
52273506
43830258
53271979
47172243
55957695
48475346
43044480
44919509
54796776
47122816
49818787
44345855
49044594
46324065
55125616
51255112
56820405
51663636
54243238
51391187
52241204
45677729
56345019
46225715
46551625
43570720
53714261
55782415
48618812
48079212
55552581
51304387
45211485
45732267
57159361
49959794
47876466
51791598
49151454
47167723
45289696
47644113
55589494
45079372
44031055
49460526
56427714
44949240
55957991
55006819
44205067
52527184
52811299
46318162
49211670
51190267
50341735
44097737
54262710
48024906
47461023
43668262
44607084
52597122
49397463
44685755
54159559
46776176
53159584
52762057
42041634
55590191
45626769
44043358
50338789
46545119
54530681
42471368
49650447
52409219
56775893
52476060
52861965
55079687
44057381
56598956
56875210
44445902
48335106
45300678
50216363
47257969
57455224
51056075
54793385
44281552
48389964
42420051
48644136
57590277
56475980
44351156
56948716
47223658
48450905
42290390
52851051
48880514
50340019
49242213
48278720
44242402
51069596
42906418
42119632
57898508
44065344
54679689
46253086
50004658
50284115
45170030
46849865
53572773
42781449
55224126
49411955
46593714
54549482
55951459
53979128
51271860
51948921
46289884
50704740
48863137
52490908
57719422
51036851
47181900
43650844
43776229
52426512
56789394
54098836
53427099
50761383
43046773
57787305
51213461
50323445
49570524
51328296
52895903
50305537
49544167
54245072
45420306
48928677
46585058
49710424
51225784
55723447
45067343
52326908
46060070
51371894
57504977
48902417
45085401
51160456
43724915
44620498
55346655
49314330
45537102
52808772
45619516
44867590
56951615
56222989
51775541
46442570
52539734
54516232
55872368
45214560
54462419
46112257
43355196
54014308
50002034
47381930
49984390
50951086
56675484
55953797
48289824
46253731
57643704
50843234
51100611
52295350
51346326
47133378
44341640
57932683
54786030
51013382
49777494
47015392
54278073
57481409
43859238
43139304
55860141
56690170
57754950
48455115
42776432
45636718
56968205
46592870
49380552
46619015
45692028
57157074
50086312
52122498
47371459
56030525
51195762
50062207
56436200
45129404
51285951
49133345
48324536
45302662
47483017
49822152
55530328
56544014
53885891
50908513
51555025
43065418
44145993
50136364
46306382
47877711
51527402
47337899
45870469
42498528
47260078
55023490
57123013
46799451
45510922
43759632
42653968
53319274
55291260
42120172
46559418
49499222
49366295
48800472
56912116
57035199
49857158
53160330
43803463
45362092
53046965
43914274
44352303
45057725
45664766
53875924
44375027
54385598
44331826
56430858
50910431
44395692
53475866
48034443
57565156
54337060
55716270
44382467
48784543
47377441
56278276
56171324
43141991
47798832
43753574
54527952
45962509
48673307
53298248
50333161
53764997
43145005
52944458
50558088
54063331
42436100
53508233
57835279
56075537
47334743
50439601
42274746
52112865
48094190
57230956
43699807
44083554
54516008
46965703
55975203
49868621
42743792
46882035
42943577
50498193
47494134
56609786
56981327
49760502
56849543
48098723
57265245
49382497
56671023
43624892
50427131
57611817
50490801
43094581
50107863
42111055
43527025
48370822
43002151
56038605
49182950
57445341
49058506
46284339
55035308
56853790
43870266
57522845
43342556
52253046
42214434
48960720
55801580
57539405
48164667
48903089
56149058
48411730
54326572
48974393
56234820
50034430
46274023
45605691
52056271
48090369
42389703
53885712
49871697
54497645
54443238
46975130
46433695
56041091
50742195
51543116
56377832
53846195
44223529
51465585
52160738
57711235
50274013
50663491
48061160
50480885
44162853
43132320
43451305
52045580
42334638
49752739
42496794
50318843
55861706
50333459
43510299
45194468
53448557
44290285
46601740
46471886
56822677
47791557
55727071
51831741
49275376
52861527
53688130
54543723
54657810
48340493
42449801
49461929
42053347
53889390
44189485
47127202
54119472
42204732
44060169
55730238
47399095
49624066
54306780
55324700
46533250
47472558
57063880
48624054
49379174
48391565
50930344
54707351
51042033
52720047
47140944
55971857
45885304
52232194
54454339
54033484
50772573
51635109
47318463
45246467
42297030
50782208
56738707
49969031
54560669
44551960
54162660
49706050
56522004
44333996
53004776
55216106
42416079
45319199
51526881
45832586
44244085
47748573
55987179
45956657
54179805
55947060
45666588
56305786
51521744
47568520
50643927
48348009
54645821
55201110
56874000
43472123
45186906
50825318
57920136
53846698
53141039
45153062
43752606
54719107
55632814
52848973
55840723
53861992
49314920
43086714
51802833
49192177
48986361
46002768
54035081
46947402
42601079
43699262
47568084
53846098
50195285
45968404
52417404
44302283
48069723
48092785
49475848
42635735
51520262
48587422
46479845
54875035
52590108
53878725
47330496
42148350
43345095
51534207
43415860
43619299
43403700
47190900
54100432
44245671
50063423
53821011
55792907
45383793
46949753
42647138
53031222
57218058
51244112
45594350
53010176
51095195
46582303
47176973
48704923
43126426
47710285
47551165
48705874
54441725
52454255
42077118
55497892
57286078
50611758
50040989
50204880
48631357
53056466
45473265
55544548
57818288
45876586
47829035
46713254
56845527
55758399
